 0.00000000e+00 0.00000000e+00 0.00000000e+00 0.00000000e+00 0.00000000e+00 0.00000000e+00 0.00000000e+00 0.00000000e+00 0.00000000e+00 0.00000000e+00 0.00000000e+00 0.00000000e+00 0.00000000e+00 0.00000000e+00 0.00000000e+00 0.00000000e+00 0.00000000e+00 0.00000000e+00 0.00000000e+00 0.00000000e+00 0.00000000e+00 0.00000000e+00 0.00000000e+00 0.00000000e+00 0.00000000e+00 0.00000000e+00 0.00000000e+00 0.00000000e+00 0.00000000e+00 0.00000000e+00 0.00000000e+00 0.00000000e+00 0.00000000e+00 0.00000000e+00 0.00000000e+00 0.00000000e+00 0.00000000e+00 0.00000000e+00 0.00000000e+00 0.00000000e+00 0.00000000e+00 0.00000000e+00 0.00000000e+00 0.00000000e+00 0.00000000e+00 0.00000000e+00 0.00000000e+00 0.00000000e+00 0.00000000e+00 0.00000000e+00 0.00000000e+00 0.00000000e+00 0.00000000e+00 0.00000000e+00 0.00000000e+00 0.00000000e+00 0.00000000e+00 0.00000000e+00 0.00000000e+00 0.00000000e+00 0.00000000e+00 0.00000000e+00 0.00000000e+00 0.00000000e+00 0.00000000e+00 0.00000000e+00 0.00000000e+00 0.00000000e+00 0.00000000e+00 0.00000000e+00 0.00000000e+00 0.00000000e+00 0.00000000e+00 0.00000000e+00 0.00000000e+00 0.00000000e+00 0.00000000e+00 0.00000000e+00 0.00000000e+00 0.00000000e+00 0.00000000e+00 0.00000000e+00 0.00000000e+00 0.00000000e+00 0.00000000e+00 0.00000000e+00 0.00000000e+00 0.00000000e+00 0.00000000e+00 0.00000000e+00 0.00000000e+00 0.00000000e+00 0.00000000e+00 0.00000000e+00 0.00000000e+00 0.00000000e+00 0.00000000e+00 0.00000000e+00 0.00000000e+00 0.00000000e+00
 0.00000000e+00 -1.91163018e-08 -3.97932929e-08 -6.36759000e-08 -9.25790574e-08 -1.28576419e-07 -1.74093173e-07 -2.32003744e-07 -3.05734657e-07 -3.99372173e-07 -5.17773554e-07 -6.66679858e-07 -8.52827159e-07 -1.08405196e-06 -1.36938540e-06 -1.71912964e-06 -2.14490893e-06 -2.65968655e-06 -3.27773875e-06 -4.01457592e-06 -4.88680205e-06 -5.91190388e-06 -7.10796307e-06 -8.49328656e-06 -1.00859539e-05 -1.19032831e-05 -1.39612229e-05 -1.62736805e-05 -1.88518046e-05 -2.17032421e-05 -2.48313972e-05 -2.82347216e-05 -3.19060705e-05 -3.58321564e-05 -3.99931388e-05 -4.43623775e-05 -4.89063803e-05 -5.35849663e-05 -5.83516574e-05 -6.31543034e-05 -6.79359361e-05 -7.26358340e-05 -7.71907735e-05 -8.15364292e-05 -8.56088800e-05 -8.93461711e-05 -9.26898770e-05 -9.55866108e-05 -9.79894255e-05 -9.98590564e-05 -1.01164961e-04 -1.01886116e-04 -1.02011554e-04 -1.01540606e-04 -1.00482864e-04 -9.88578492e-05 -9.66944221e-05 -9.40299375e-05 -9.09091947e-05 -8.73832150e-05 -8.35078926e-05 -7.93425668e-05 -7.49485640e-05 -7.03877560e-05 -6.57211803e-05 -6.10077616e-05 -5.63031697e-05 -5.16588395e-05 -4.71211751e-05 -4.27309483e-05 -3.85228959e-05 -3.45255134e-05 -3.07610333e-05 -2.72455724e-05 -2.39894288e-05 -2.09975011e-05 -1.82698068e-05 -1.58020699e-05 -1.35863524e-05 -1.16117034e-05 -9.86480369e-06 -8.33058421e-06 -6.99280384e-06 -5.83457233e-06 -4.83881004e-06 -3.98863894e-06 -3.26770294e-06 -2.66041814e-06 -2.15215631e-06 -1.72936637e-06 -1.37964013e-06 -1.09172913e-06 -8.55519888e-07 -6.61974459e-07 -5.03043064e-07 -3.71554788e-07 -2.61091535e-07 -1.65849691e-07 -8.04930658e-08 0.00000000e+00
 0.00000000e+00 -3.87810475e-08 -8.07285368e-08 -1.29179855e-07 -1.87817396e-07 -2.60848608e-07 -3.53194396e-07 -4.70687471e-07 -6.20281223e-07 -8.10268366e-07 -1.05050701e-06 -1.35264998e-06 -1.73037105e-06 -2.19957962e-06 -2.77861277e-06 -3.48839157e-06 -4.35252598e-06 -5.39735118e-06 -6.65187656e-06 -8.14762825e-06 -9.91836647e-06 -1.19996606e-05 -1.44283080e-05 -1.72415871e-05 -2.04763414e-05 -2.41678987e-05 -2.83488388e-05 -3.30476318e-05 -3.82871816e-05 -4.40833176e-05 -5.04432868e-05 -5.73643089e-05 -6.48322613e-05 -7.28205624e-05 -8.12893249e-05 -9.01848424e-05 -9.94394670e-05 -1.08971922e-04 -1.18688078e-04 -1.28482203e-04 -1.38238679e-04 -1.47834142e-04 -1.57140012e-04 -1.66025324e-04 -1.74359776e-04 -1.82016904e-04 -1.88877256e-04 -1.94831470e-04 -1.99783139e-04 -2.03651354e-04 -2.06372847e-04 -2.07903649e-04 -2.08220208e-04 -2.07319932e-04 -2.05221147e-04 -2.01962469e-04 -1.97601633e-04 -1.92213815e-04 -1.85889519e-04 -1.78732115e-04 -1.70855105e-04 -1.62379222e-04 -1.53429457e-04 -1.44132118e-04 -1.34611997e-04 -1.24989746e-04 -1.15379518e-04 -1.05886943e-04 -9.66074672e-05 -8.76250987e-05 -7.90115509e-05 -7.08257928e-05 -6.31139790e-05 -5.59097291e-05 -4.92347145e-05 -4.30995040e-05 -3.75046119e-05 -3.24416962e-05 -2.78948472e-05 -2.38419179e-05 -2.02558458e-05 -1.71059255e-05 -1.43589978e-05 -1.19805281e-05 -9.93555603e-06 -8.18950378e-06 -6.70883947e-06 -5.46159643e-06 -4.41775475e-06 -3.54949496e-06 -2.83133661e-06 -2.24017579e-06 -1.75523644e-06 -1.35795002e-06 -1.03177729e-06 -7.61984508e-07 -5.35384976e-07 -3.40055063e-07 -1.65032071e-07 0.00000000e+00
 0.00000000e+00 -5.95396776e-08 -1.23941514e-07 -1.98330256e-07 -2.88360632e-07 -4.00493985e-07 -5.42287784e-07 -7.22700532e-07 -9.52412945e-07 -1.24416433e-06 -1.61310058e-06 -2.07712747e-06 -2.65725956e-06 -3.37795176e-06 -4.26739675e-06 -5.35776798e-06 -6.68538452e-06 -8.29077116e-06 -1.02185853e-05 -1.25173809e-05 -1.52391810e-05 -1.84388321e-05 -2.21731190e-05 -2.64996252e-05 -3.14753331e-05 -3.71549703e-05 -4.35891212e-05 -5.08221394e-05 -5.88899091e-05 -6.78175253e-05 -7.76169694e-05 -8.82848771e-05 -9.98004992e-05 -1.12123963e-04 -1.25194939e-04 -1.38931822e-04 -1.53231495e-04 -1.67969770e-04 -1.83002536e-04 -1.98167625e-04 -2.13287407e-04 -2.28172041e-04 -2.42623320e-04 -2.56438996e-04 -2.69417456e-04 -2.81362590e-04 -2.92088689e-04 -3.01425206e-04 -3.09221198e-04 -3.15349308e-04 -3.19709125e-04 -3.22229824e-04 -3.22871982e-04 -3.21628514e-04 -3.18524708e-04 -3.13617361e-04 -3.06993064e-04 -2.98765701e-04 -2.89073263e-04 -2.78074097e-04 -2.65942725e-04 -2.52865378e-04 -2.39035404e-04 -2.24648692e-04 -2.09899256e-04 -1.94975120e-04 -1.80054599e-04 -1.65303090e-04 -1.50870423e-04 -1.36888828e-04 -1.23471539e-04 -1.10712015e-04 -9.86837676e-05 -8.74407428e-05 -7.70181827e-05 -6.74339061e-05 -5.86899154e-05 -5.07742446e-05 -4.36629618e-05 -3.73222417e-05 -3.17104334e-05 -2.67800571e-05 -2.24796738e-05 -1.87555853e-05 -1.55533337e-05 -1.28189817e-05 -1.05001652e-05 -8.54691918e-06 -6.91228781e-06 -5.55273188e-06 -4.42835480e-06 -3.50296862e-06 -2.74402343e-06 -2.12242314e-06 -1.61224925e-06 -1.19041228e-06 -8.36247971e-07 -5.31072821e-07 -2.57710678e-07 0.00000000e+00
 0.00000000e+00 -8.19310249e-08 -1.70554426e-07 -2.72924202e-07 -3.96824249e-07 -5.51149426e-07 -7.46304485e-07 -9.94624366e-07 -1.31081715e-06 -1.71242824e-06 -2.22032103e-06 -2.85916528e-06 -3.65792033e-06 -4.65029505e-06 -5.87516184e-06 -7.37689685e-06 -9.20561379e-06 -1.14172549e-05 -1.40734999e-05 -1.72414520e-05 -2.09930615e-05 -2.54042501e-05 -3.05537064e-05 -3.65213300e-05 -4.33863184e-05 -5.12249006e-05 -6.01077469e-05 -7.00970984e-05 -8.12436852e-05 -9.35835241e-05 -1.07134703e-04 -1.21894284e-04 -1.37835459e-04 -1.54905110e-04 -1.73021920e-04 -1.92075172e-04 -2.11924358e-04 -2.32399695e-04 -2.53303618e-04 -2.74413273e-04 -2.95483994e-04 -3.16253709e-04 -3.36448172e-04 -3.55786870e-04 -3.73989436e-04 -3.90782359e-04 -4.05905755e-04 -4.19119981e-04 -4.30211849e-04 -4.39000217e-04 -4.45340777e-04 -4.49129843e-04 -4.50307043e-04 -4.48856795e-04 -4.44808545e-04 -4.38235763e-04 -4.29253745e-04 -4.18016306e-04 -4.04711505e-04 -3.89556547e-04 -3.72792058e-04 -3.54675919e-04 -3.35476889e-04 -3.15468207e-04 -2.94921390e-04 -2.74100399e-04 -2.53256350e-04 -2.32622904e-04 -2.12412428e-04 -1.92813014e-04 -1.73986378e-04 -1.56066645e-04 -1.39159982e-04 -1.23345020e-04 -1.08673983e-04 -9.51744055e-05 -8.28513416e-05 -7.16899242e-05 -6.16581621e-05 -5.27098512e-05 -4.47874914e-05 -3.78251142e-05 -3.17509393e-05 -2.64897972e-05 -2.19652728e-05 -1.81015398e-05 -1.48248742e-05 -1.20648461e-05 -9.75520410e-06 -7.83447079e-06 -6.24627873e-06 -4.93947723e-06 -3.86804318e-06 -2.99082851e-06 -2.27117529e-06 -1.67642654e-06 -1.17735738e-06 -7.47547356e-07 -3.62710951e-07 0.00000000e+00
 0.00000000e+00 -1.06482517e-07 -2.21666022e-07 -3.54721985e-07 -5.15771551e-07 -7.16381487e-07 -9.70083574e-07 -1.29292205e-06 -1.70403096e-06 -2.22623961e-06 -2.88670011e-06 -3.71752603e-06 -4.75642508e-06 -6.04730317e-06 -7.64081016e-06 -9.59479129e-06 -1.19746025e-05 -1.48532418e-05 -1.83112465e-05 -2.24363023e-05 -2.73225135e-05 -3.30692852e-05 -3.97797786e-05 -4.75589103e-05 -5.65108843e-05 -6.67362637e-05 -7.83286149e-05 -9.13707821e-05 -1.05930878e-04 -1.22058107e-04 -1.39778557e-04 -1.59091133e-04 -1.79963800e-04 -2.02330338e-04 -2.26087793e-04 -2.51094807e-04 -2.77170989e-04 -3.04097456e-04 -3.31618633e-04 -3.59445354e-04 -3.87259255e-04 -4.14718378e-04 -4.41463876e-04 -4.67127621e-04 -4.91340512e-04 -5.13741193e-04 -5.33984920e-04 -5.51752250e-04 -5.66757270e-04 -5.78755068e-04 -5.87548179e-04 -5.92991799e-04 -5.94997561e-04 -5.93535773e-04 -5.88636036e-04 -5.80386225e-04 -5.68929900e-04 -5.54462237e-04 -5.37224638e-04 -5.17498222e-04 -4.95596420e-04 -4.71856947e-04 -4.46633413e-04 -4.20286855e-04 -3.93177463e-04 -3.65656739e-04 -3.38060337e-04 -3.10701757e-04 -2.83867045e-04 -2.57810617e-04 -2.32752244e-04 -2.08875222e-04 -1.86325693e-04 -1.65213031e-04 -1.45611193e-04 -1.27560899e-04 -1.11072484e-04 -9.61292505e-05 -8.26911758e-05 -7.06987851e-05 -6.00770612e-05 -5.07392489e-05 -4.25904439e-05 -3.55308781e-05 -2.94588347e-05 -2.42731530e-05 -1.98753008e-05 -1.61710146e-05 -1.30715223e-05 -1.04943742e-05 -8.36392096e-06 -6.61147865e-06 -5.17522570e-06 -3.99987655e-06 -3.03617360e-06 -2.24023584e-06 -1.57279801e-06 -9.98368555e-07 -4.84329906e-07 0.00000000e+00
 0.00000000e+00 -1.33703612e-07 -2.78338077e-07 -4.45425813e-07 -6.47683402e-07 -8.99645435e-07 -1.21831811e-06 -1.62386852e-06 -2.14035208e-06 -2.79647616e-06 -3.62639241e-06 -4.67050429e-06 -5.97626890e-06 -7.59896457e-06 -9.60238748e-06 -1.20594325e-05 -1.50525057e-05 -1.86737091e-05 -2.30247337e-05 -2.82163948e-05 -3.43677430e-05 -4.16046906e-05 -5.00581028e-05 -5.98613155e-05 -7.11470637e-05 -8.40438287e-05 -9.86716404e-05 -1.15137406e-04 -1.33529867e-04 -1.53914337e-04 -1.76327371e-04 -2.00771597e-04 -2.27210913e-04 -2.55566303e-04 -2.85712495e-04 -3.17475710e-04 -3.50632693e-04 -3.84911197e-04 -4.19992047e-04 -4.55512829e-04 -4.91073211e-04 -5.26241815e-04 -5.60564485e-04 -5.93573753e-04 -6.24799203e-04 -6.53778451e-04 -6.80068335e-04 -7.03255994e-04 -7.22969405e-04 -7.38887056e-04 -7.50746390e-04 -7.58350744e-04 -7.61574534e-04 -7.60366510e-04 -7.54750986e-04 -7.44827000e-04 -7.30765454e-04 -7.12804335e-04 -6.91242211e-04 -6.66430222e-04 -6.38762862e-04 -6.08667859e-04 -5.76595515e-04 -5.43007847e-04 -5.08367883e-04 -4.73129447e-04 -4.37727733e-04 -4.02570936e-04 -3.68033129e-04 -3.34448565e-04 -3.02107476e-04 -2.71253402e-04 -2.42082018e-04 -2.14741387e-04 -1.89333478e-04 -1.65916815e-04 -1.44510027e-04 -1.25096108e-04 -1.07627156e-04 -9.20293823e-05 -7.82081917e-05 -6.60531525e-05 -5.54427069e-05 -4.62484990e-05 -3.83392306e-05 -3.15839851e-05 -2.58549900e-05 -2.10298119e-05 -1.69930020e-05 -1.36372268e-05 -1.08639295e-05 -8.58357640e-06 -6.71554798e-06 -5.18773161e-06 -3.93587189e-06 -2.90272962e-06 -2.03709404e-06 -1.29268618e-06 -6.26984779e-07 0.00000000e+00
 0.00000000e+00 -1.64076935e-07 -3.41577128e-07 -5.46651047e-07 -7.94917267e-07 -1.10422972e-06 -1.49548192e-06 -1.99345562e-06 -2.62771720e-06 -3.43355950e-06 -4.45298057e-06 -5.73568259e-06 -7.34006626e-06 -9.33418563e-06 -1.17966190e-05 -1.48172010e-05 -1.84975521e-05 -2.29513324e-05 -2.83041421e-05 -3.46929853e-05 -4.22652181e-05 -5.11769038e-05 -6.15905120e-05 -7.36719132e-05 -8.75866477e-05 -1.03495474e-04 -1.21549237e-04 -1.41883148e-04 -1.64610582e-04 -1.89816586e-04 -2.17551284e-04 -2.47823442e-04 -2.80594459e-04 -3.15773067e-04 -3.53211058e-04 -3.92700289e-04 -4.33971258e-04 -4.76693426e-04 -5.20477476e-04 -5.64879561e-04 -6.09407572e-04 -6.53529333e-04 -6.96682552e-04 -7.38286293e-04 -7.77753636e-04 -8.14505152e-04 -8.47982756e-04 -8.77663486e-04 -9.03072749e-04 -9.23796576e-04 -9.39492466e-04 -9.49898444e-04 -9.54840029e-04 -9.54234854e-04 -9.48094802e-04 -9.36525586e-04 -9.19723779e-04 -8.97971432e-04 -8.71628451e-04 -8.41123017e-04 -8.06940379e-04 -7.69610407e-04 -7.29694335e-04 -6.87771129e-04 -6.44423924e-04 -6.00226970e-04 -5.55733474e-04 -5.11464683e-04 -4.67900506e-04 -4.25471875e-04 -3.84555001e-04 -3.45467568e-04 -3.08466853e-04 -2.73749681e-04 -2.41454053e-04 -2.11662252e-04 -1.84405159e-04 -1.59667535e-04 -1.37393966e-04 -1.17495204e-04 -9.98546413e-05 -8.43346824e-05 -7.07828096e-05 -5.90371822e-05 -4.89316439e-05 -4.03000558e-05 -3.29799123e-05 -2.68152282e-05 -2.16587155e-05 -1.73732931e-05 -1.38329863e-05 -1.09232863e-05 -8.54104441e-06 -6.59397631e-06 -4.99984843e-06 -3.68541303e-06 -2.58515016e-06 -1.63986614e-06 -7.95189855e-07 0.00000000e+00
 0.00000000e+00 -1.98046606e-07 -4.12310420e-07 -6.59888328e-07 -9.59653275e-07 -1.33318286e-06 -1.80573315e-06 -2.40726710e-06 -3.17354162e-06 -4.14725121e-06 -5.37921791e-06 -6.92960830e-06 -8.86914760e-06 -1.12802898e-05 -1.42582903e-05 -1.79121157e-05 -2.23651136e-05 -2.77553554e-05 -3.42355567e-05 -4.19724776e-05 -5.11457023e-05 -6.19457079e-05 -7.45711408e-05 -8.92252430e-05 -1.06111397e-04 -1.25427790e-04 -1.47361253e-04 -1.72080355e-04 -1.99727909e-04 -2.30413089e-04 -2.64203391e-04 -3.01116747e-04 -3.41114109e-04 -3.84092856e-04 -4.29881377e-04 -4.78235182e-04 -5.28834842e-04 -5.81286046e-04 -6.35121947e-04 -6.89807939e-04 -7.44748866e-04 -7.99298598e-04 -8.52771793e-04 -9.04457551e-04 -9.53634608e-04 -9.99587612e-04 -1.04162398e-03 -1.07909079e-03 -1.11139118e-03 -1.13799960e-03 -1.15847561e-03 -1.17247548e-03 -1.17976139e-03 -1.18020788e-03 -1.17380522e-03 -1.16065975e-03 -1.14099101e-03 -1.11512588e-03 -1.08348988e-03 -1.04659596e-03 -1.00503112e-03 -9.59441362e-04 -9.10515456e-04 -8.58968114e-04 -8.05523047e-04 -7.50896522e-04 -6.95781895e-04 -6.40835588e-04 -5.86664886e-04 -5.33817871e-04 -4.82775677e-04 -4.33947181e-04 -3.87666127e-04 -3.44190593e-04 -3.03704620e-04 -2.66321756e-04 -2.32090214e-04 -2.00999301e-04 -1.72986770e-04 -1.47946728e-04 -1.25737775e-04 -1.06191062e-04 -8.91179999e-05 -7.43174076e-05 -6.15819302e-05 -5.07036161e-05 -4.14785897e-05 -3.37107992e-05 -2.72148603e-05 -2.18180454e-05 -1.73614895e-05 -1.37007024e-05 -1.07054790e-05 -8.25930729e-06 -6.25836395e-06 -4.61018405e-06 -3.23208004e-06 -2.04937421e-06 -9.93497772e-07 0.00000000e+00
 0.00000000e+00 -2.36003319e-07 -4.91355176e-07 -7.86455196e-07 -1.14382534e-06 -1.58922005e-06 -2.15279118e-06 -2.87031898e-06 -3.78451474e-06 -4.94639276e-06 -6.41670002e-06 -8.26738122e-06 -1.05830442e-05 -1.34623774e-05 -1.70194559e-05 -2.13848597e-05 -2.67065119e-05 -3.31501335e-05 -4.08992019e-05 -5.01542946e-05 -6.11316999e-05 -7.40611823e-05 -8.91828063e-05 -1.06742744e-04 -1.26988025e-04 -1.50160232e-04 -1.76488181e-04 -2.06179710e-04 -2.39412723e-04 -2.76325733e-04 -3.17008183e-04 -3.61490894e-04 -4.09737020e-04 -4.61633930e-04 -5.16986436e-04 -5.75511786e-04 -6.36836802e-04 -7.00497495e-04 -7.65941401e-04 -8.32532806e-04 -8.99560890e-04 -9.66250748e-04 -1.03177706e-03 -1.09528014e-03 -1.15588390e-03 -1.21271529e-03 -1.26492454e-03 -1.31170559e-03 -1.35231618e-03 -1.38609667e-03 -1.41248722e-03 -1.43104262e-03 -1.44144422e-03 -1.44350870e-03 -1.43719318e-03 -1.42259664e-03 -1.39995746e-03 -1.36964733e-03 -1.33216148e-03 -1.28810582e-03 -1.23818118e-03 -1.18316541e-03 -1.12389375e-03 -1.06123827e-03 -9.96087009e-04 -9.29323463e-04 -8.61807151e-04 -7.94355788e-04 -7.27729619e-04 -6.62618288e-04 -5.99630556e-04 -5.39287026e-04 -4.82015910e-04 -4.28151749e-04 -3.77936903e-04 -3.31525495e-04 -2.88989471e-04 -2.50326329e-04 -2.15468097e-04 -1.84291087e-04 -1.56626021e-04 -1.32268107e-04 -1.10986740e-04 -9.25345324e-05 -7.66554562e-05 -6.30919511e-05 -5.15908989e-05 -4.19084408e-05 -3.38136519e-05 -2.70911342e-05 -2.15426146e-05 -1.69876575e-05 -1.32636112e-05 -1.02249090e-05 -7.74184353e-06 -5.69892223e-06 -3.99290022e-06 -2.53057321e-06 -1.22639854e-06 0.00000000e+00
 0.00000000e+00 -2.78265805e-07 -5.79380407e-07 -9.27436001e-07 -1.34903568e-06 -1.87460750e-06 -2.53978414e-06 -3.38686207e-06 -4.46634712e-06 -5.83858436e-06 -7.57545932e-06 -9.76214478e-06 -1.24988528e-05 -1.59025354e-05 -2.01084611e-05 -2.52715760e-05 -3.15675425e-05 -3.91933348e-05 -4.83672557e-05 -5.93282366e-05 -7.23342788e-05 -8.76599023e-05 -1.05592484e-04 -1.26427398e-04 -1.50461894e-04 -1.77987725e-04 -2.09282551e-04 -2.44600264e-04 -2.84160398e-04 -3.28136894e-04 -3.76646560e-04 -4.29737613e-04 -4.87378751e-04 -5.49449250e-04 -6.15730584e-04 -6.85900061e-04 -7.59526930e-04 -8.36071373e-04 -9.14886679e-04 -9.95224827e-04 -1.07624554e-03 -1.15702876e-03 -1.23659039e-03 -1.31390087e-03 -1.38790628e-03 -1.45755118e-03 -1.52180273e-03 -1.57967524e-03 -1.63025434e-03 -1.67272012e-03 -1.70636827e-03 -1.73062880e-03 -1.74508133e-03 -1.74946679e-03 -1.74369482e-03 -1.72784672e-03 -1.70217386e-03 -1.66709150e-03 -1.62316814e-03 -1.57111097e-03 -1.51174762e-03 -1.44600503e-03 -1.37488603e-03 -1.29944448e-03 -1.22075977e-03 -1.13991160e-03 -1.05795569e-03 -9.75901425e-04 -8.94691908e-04 -8.15187025e-04 -7.38149975e-04 -6.64237459e-04 -5.93993631e-04 -5.27847766e-04 -4.66115392e-04 -4.09002591e-04 -3.56612991e-04 -3.08956973e-04 -2.65962512e-04 -2.27487106e-04 -1.93330250e-04 -1.63245932e-04 -1.36954732e-04 -1.14155128e-04 -9.45337458e-05 -7.77743296e-05 -6.35653196e-05 -5.16059872e-05 -4.16111406e-05 -3.33144717e-05 -2.64706500e-05 -2.08562972e-05 -1.62699918e-05 -1.25314555e-05 -9.48007014e-06 -6.97286091e-06 -4.88206962e-06 -3.09242108e-06 -1.49817010e-06 0.00000000e+00
 0.00000000e+00 -3.25058358e-07 -6.76860672e-07 -1.08360923e-06 -1.57645157e-06 -2.19102270e-06 -2.96906524e-06 -3.96014446e-06 -5.22346670e-06 -6.82979955e-06 -8.86347939e-06 -1.14244771e-05 -1.46304756e-05 -1.86188943e-05 -2.35487761e-05 -2.96024312e-05 -3.69867140e-05 -4.59337900e-05 -5.67012383e-05 -6.95713231e-05 -8.48492695e-05 -1.02860384e-04 -1.23945878e-04 -1.48457286e-04 -1.76749402e-04 -2.09171731e-04 -2.46058488e-04 -2.87717299e-04 -3.34416777e-04 -3.86373307e-04 -4.43737390e-04 -5.06580009e-04 -5.74879547e-04 -6.48509806e-04 -7.27229730e-04 -8.10675399e-04 -8.98354856e-04 -9.89646244e-04 -1.08379964e-03 -1.17994288e-03 -1.27709143e-03 -1.37416239e-03 -1.46999234e-03 -1.56335872e-03 -1.65300421e-03 -1.73766352e-03 -1.81609177e-03 -1.88709363e-03 -1.94955235e-03 -2.00245773e-03 -2.04493211e-03 -2.07625354e-03 -2.09587531e-03 -2.10344122e-03 -2.09879590e-03 -2.08198997e-03 -2.05327968e-03 -2.01312099e-03 -1.96215834e-03 -1.90120831e-03 -1.83123880e-03 -1.75334441e-03 -1.66871866e-03 -1.57862430e-03 -1.48436244e-03 -1.38724167e-03 -1.28854821e-03 -1.18951790e-03 -1.09131117e-03 -9.94991414e-04 -9.01507511e-04 -8.11680818e-04 -7.26196751e-04 -6.45600971e-04 -5.70299929e-04 -5.00565390e-04 -4.36542420e-04 -3.78260211e-04 -3.25645079e-04 -2.78534920e-04 -2.36694453e-04 -1.99830603e-04 -1.67607464e-04 -1.39660356e-04 -1.15608617e-04 -9.50668404e-05 -7.76544115e-05 -6.30032544e-05 -5.07638095e-05 -4.06093143e-05 -3.22385182e-05 -2.53769942e-05 -1.97772314e-05 -1.52176975e-05 -1.15010574e-05 -8.45171874e-06 -5.91285792e-06 -3.74305922e-06 -1.81267536e-06 0.00000000e+00
 0.00000000e+00 -3.76484250e-07 -7.84021381e-07 -1.25536161e-06 -1.82668348e-06 -2.53939000e-06 -3.44199685e-06 -4.59213282e-06 -6.05866319e-06 -7.92393503e-06 -1.02861286e-05 -1.32616823e-05 -1.69877378e-05 -2.16245329e-05 -2.73576430e-05 -3.43999524e-05 -4.29932100e-05 -5.34090067e-05 -6.59489920e-05 -8.09441393e-05 -9.87528640e-05 -1.19757808e-04 -1.44361120e-04 -1.72978106e-04 -2.06029140e-04 -2.43929839e-04 -2.87079526e-04 -3.35848121e-04 -3.90561709e-04 -4.51487084e-04 -5.18815724e-04 -5.92647702e-04 -6.72976129e-04 -7.59672781e-04 -8.52475596e-04 -9.50978719e-04 -1.05462574e-03 -1.16270674e-03 -1.27435951e-03 -1.38857548e-03 -1.50421039e-03 -1.61999966e-03 -1.73457856e-03 -1.84650645e-03 -1.95429487e-03 -2.05643849e-03 -2.15144833e-03 -2.23788611e-03 -2.31439872e-03 -2.37975182e-03 -2.43286144e-03 -2.47282247e-03 -2.49893327e-03 -2.51071523e-03 -2.50792698e-03 -2.49057222e-03 -2.45890129e-03 -2.41340598e-03 -2.35480787e-03 -2.28404044e-03 -2.20222552e-03 -2.11064479e-03 -2.01070741e-03 -1.90391459e-03 -1.79182268e-03 -1.67600571e-03 -1.55801881e-03 -1.43936374e-03 -1.32145748e-03 -1.20560503e-03 -1.09297696e-03 -9.84592338e-04 -8.81307341e-04 -7.83809408e-04 -6.92616872e-04 -6.08083557e-04 -5.30407762e-04 -4.59644883e-04 -3.95722851e-04 -3.38459519e-04 -2.87581161e-04 -2.42741261e-04 -2.03538888e-04 -1.69536048e-04 -1.40273529e-04 -1.15284885e-04 -9.41083349e-05 -7.62964807e-05 -6.14238347e-05 -4.90922501e-05 -3.89344063e-05 -3.06155472e-05 -2.38336990e-05 -1.83186004e-05 -1.38295771e-05 -1.01525732e-05 -7.09653075e-06 -4.48928366e-06 -2.17310206e-06 0.00000000e+00
 0.00000000e+00 -4.32494903e-07 -9.00775461e-07 -1.44258881e-06 -2.09964441e-06 -2.91969116e-06 -3.95870241e-06 -5.28319302e-06 -6.97268154e-06 -9.12229743e-06 -1.18455163e-05 -1.52769864e-05 -1.95753882e-05 -2.49262415e-05 -3.15445512e-05 -3.96771537e-05 -4.96045985e-05 -6.16423773e-05 -7.61412918e-05 -9.34867383e-05 -1.14096682e-04 -1.38418101e-04 -1.66921708e-04 -2.00094771e-04 -2.38431944e-04 -2.82424048e-04 -3.32544858e-04 -3.89236028e-04 -4.52890416e-04 -5.23834165e-04 -6.02308020e-04 -6.88448474e-04 -7.82269409e-04 -8.83644976e-04 -9.92294517e-04 -1.10777030e-03 -1.22944884e-03 -1.35652650e-03 -1.48801994e-03 -1.62277187e-03 -1.75946228e-03 -1.89662540e-03 -2.03267195e-03 -2.16591663e-03 -2.29460998e-03 -2.41697405e-03 -2.53124089e-03 -2.63569263e-03 -2.72870224e-03 -2.80877353e-03 -2.87457916e-03 -2.92499546e-03 -2.95913296e-03 -2.97636134e-03 -2.97632817e-03 -2.95897047e-03 -2.92451876e-03 -2.87349319e-03 -2.80669184e-03 -2.72517145e-03 -2.63022106e-03 -2.52332955e-03 -2.40614790e-03 -2.28044766e-03 -2.14807690e-03 -2.01091523e-03 -1.87082946e-03 -1.72963126e-03 -1.58903835e-03 -1.45064046e-03 -1.31587083e-03 -1.18598414e-03 -1.06204130e-03 -9.44900951e-04 -8.35217803e-04 -7.33447041e-04 -6.39854302e-04 -5.54530246e-04 -4.77408752e-04 -4.08287678e-04 -3.46851147e-04 -2.92692336e-04 -2.45335897e-04 -2.04259221e-04 -1.68911931e-04 -1.38733153e-04 -1.13166276e-04 -9.16710340e-05 -7.37329217e-05 -5.88700265e-05 -4.66374592e-05 -3.66296277e-05 -2.84806240e-05 -2.18630167e-05 -1.64853286e-05 -1.20884677e-05 -8.44134647e-06 -5.33589589e-06 -2.58164408e-06 0.00000000e+00
 0.00000000e+00 -4.92854859e-07 -1.02665144e-06 -1.64458286e-06 -2.39439087e-06 -3.33075160e-06 -4.51778727e-06 -6.03173190e-06 -7.96376745e-06 -1.04230313e-05 -1.35397768e-05 -1.74686471e-05 -2.23919957e-05 -2.85231599e-05 -3.61095622e-05 -4.54354843e-05 -5.68243250e-05 -7.06401295e-05 -8.72881490e-05 -1.07214176e-04 -1.30902398e-04 -1.58871501e-04 -1.91668813e-04 -2.29862269e-04 -2.74030072e-04 -3.24747996e-04 -3.82574352e-04 -4.48032774e-04 -5.21593093e-04 -6.03650696e-04 -6.94504903e-04 -7.94337017e-04 -9.03188809e-04 -1.02094229e-03 -1.14730163e-03 -1.28177826e-03 -1.42367983e-03 -1.57210409e-03 -1.72593815e-03 -1.88386387e-03 -2.04436955e-03 -2.20576816e-03 -2.36622196e-03 -2.52377310e-03 -2.67637969e-03 -2.82195645e-03 -2.95841894e-03 -3.08373015e-03 -3.19594816e-03 -3.29327338e-03 -3.37409399e-03 -3.43702809e-03 -3.48096111e-03 -3.50507727e-03 -3.50888385e-03 -3.49222741e-03 -3.45530115e-03 -3.39864305e-03 -3.32312464e-03 -3.22993058e-03 -3.12052965e-03 -2.99663793e-03 -2.86017547e-03 -2.71321777e-03 -2.55794379e-03 -2.39658234e-03 -2.23135864e-03 -2.06444291e-03 -1.89790276e-03 -1.73366087e-03 -1.57345932e-03 -1.41883135e-03 -1.27108126e-03 -1.13127270e-03 -1.00022502e-03 -8.78517270e-04 -7.66499083e-04 -6.64307339e-04 -5.71887437e-04 -4.89017914e-04 -4.15337100e-04 -3.50370590e-04 -2.93558405e-04 -2.44280876e-04 -2.01882472e-04 -1.65692989e-04 -1.35045708e-04 -1.09292337e-04 -8.78146864e-05 -7.00331962e-05 -5.54125223e-05 -4.34644687e-05 -3.37486011e-05 -2.58708937e-05 -1.94807540e-05 -1.42667557e-05 -9.95136774e-06 -6.28493592e-06 -3.03912558e-06 0.00000000e+00
 0.00000000e+00 -5.57102696e-07 -1.16071327e-06 -1.85990691e-06 -2.70894622e-06 -3.77000388e-06 -5.11603084e-06 -6.83380355e-06 -9.02716970e-06 -1.18204951e-05 -1.53622926e-05 -1.98289895e-05 -2.54287590e-05 -3.24053135e-05 -4.10415157e-05 -5.16626364e-05 -6.46390446e-05 -8.03880884e-05 -9.93748936e-05 -1.22111790e-04 -1.49156066e-04 -1.81105754e-04 -2.18593174e-04 -2.62276018e-04 -3.12825782e-04 -3.70913488e-04 -4.37192710e-04 -5.12280041e-04 -5.96733312e-04 -6.91027971e-04 -7.95532221e-04 -9.10481646e-04 -1.03595417e-03 -1.17184629e-03 -1.31785169e-03 -1.47344309e-03 -1.63785862e-03 -1.81009345e-03 -1.98889760e-03 -2.17278058e-03 -2.36002334e-03 -2.54869767e-03 -2.73669302e-03 -2.92175044e-03 -3.10150294e-03 -3.27352153e-03 -3.43536569e-03 -3.58463703e-03 -3.71903461e-03 -3.83641042e-03 -3.93482313e-03 -4.01258865e-03 -4.06832568e-03 -4.10099468e-03 -4.10992893e-03 -4.09485642e-03 -4.05591152e-03 -3.99363596e-03 -3.90896867e-03 -3.80322467e-03 -3.67806349e-03 -3.53544793e-03 -3.37759467e-03 -3.20691808e-03 -3.02596940e-03 -2.83737326e-03 -2.64376385e-03 -2.44772294e-03 -2.25172199e-03 -2.05807006e-03 -1.86886942e-03 -1.68597990e-03 -1.51099291e-03 -1.34521535e-03 -1.18966352e-03 -1.04506629e-03 -9.11876721e-04 -7.90290972e-04 -6.80272955e-04 -5.81583333e-04 -4.93811195e-04 -4.16406943e-04 -3.48714988e-04 -2.90005051e-04 -2.39501098e-04 -1.96407153e-04 -1.59929506e-04 -1.29295038e-04 -1.03765608e-04 -8.26486141e-05 -6.53039654e-05 -5.11478277e-05 -3.96535262e-05 -3.03500415e-05 -2.28185207e-05 -1.66872004e-05 -1.16251020e-05 -7.33480690e-06 -3.54457253e-06 0.00000000e+00
 0.00000000e+00 -6.24508159e-07 -1.30147260e-06 -2.08625831e-06 -3.04010831e-06 -4.23323073e-06 -5.74805346e-06 -7.68268515e-06 -1.01546064e-05 -1.33045954e-05 -1.73008682e-05 -2.23433870e-05 -2.86682544e-05 -3.65520792e-05 -4.63161565e-05 -5.83302667e-05 -7.30158573e-05 -9.08483320e-05 -1.12358142e-04 -1.38130347e-04 -1.68802308e-04 -2.05059168e-04 -2.47626814e-04 -2.97262033e-04 -3.54739686e-04 -4.20836758e-04 -4.96313320e-04 -5.81890524e-04 -6.78225955e-04 -7.85886779e-04 -9.05321355e-04 -1.03683009e-03 -1.18053647e-03 -1.33635943e-03 -1.50398804e-03 -1.68285990e-03 -1.87214425e-03 -2.07073102e-03 -2.27722676e-03 -2.48995820e-03 -2.70698409e-03 -2.92611561e-03 -3.14494533e-03 -3.36088443e-03 -3.57120758e-03 -3.77310461e-03 -3.96373768e-03 -4.14030266e-03 -4.30009288e-03 -4.44056365e-03 -4.55939551e-03 -4.65455426e-03 -4.72434582e-03 -4.76746411e-03 -4.78303004e-03 -4.77062035e-03 -4.73028470e-03 -4.66255045e-03 -4.56841439e-03 -4.44932143e-03 -4.30713075e-03 -4.14407013e-03 -3.96268010e-03 -3.76574951e-03 -3.55624481e-03 -3.33723558e-03 -3.11181888e-03 -2.88304509e-03 -2.65384801e-03 -2.42698144e-03 -2.20496439e-03 -1.99003652e-03 -1.78412491e-03 -1.58882271e-03 -1.40537969e-03 -1.23470406e-03 -1.07737476e-03 -9.33662531e-04 -8.03558412e-04 -6.86807568e-04 -5.82946718e-04 -4.91343235e-04 -4.11234256e-04 -3.41764298e-04 -2.82020149e-04 -2.31062128e-04 -1.87951046e-04 -1.51770541e-04 -1.21644669e-04 -9.67508834e-05 -7.63286769e-05 -5.96842995e-05 -4.61920298e-05 -3.52925190e-05 -2.64887168e-05 -1.93398656e-05 -1.34539968e-05 -8.47930884e-06 -4.09474047e-06 0.00000000e+00
 0.00000000e+00 -6.94025977e-07 -1.44679425e-06 -2.32032169e-06 -3.38324346e-06 -4.71429118e-06 -6.40596273e-06 -8.56842874e-06 -1.13337039e-05 -1.48600900e-05 -1.93368707e-05 -2.49892073e-05 -3.20831470e-05 -4.09306169e-05 -5.18942309e-05 -6.53916919e-05 -8.18995259e-05 -1.01955842e-04 -1.26161772e-04 -1.55181222e-04 -1.89738545e-04 -2.30613748e-04 -2.78634873e-04 -3.34667240e-04 -3.99599302e-04 -4.74324968e-04 -5.59722388e-04 -6.56629337e-04 -7.65815494e-04 -8.87952136e-04 -1.02357992e-03 -1.17307562e-03 -1.33661892e-03 -1.51416036e-03 -1.70539178e-03 -1.90972068e-03 -2.12624964e-03 -2.35376230e-03 -2.59071690e-03 -2.83524841e-03 -3.08517988e-03 -3.33804360e-03 -3.59111197e-03 -3.84143805e-03 -4.08590496e-03 -4.32128349e-03 -4.54429636e-03 -4.75168786e-03 -4.94029682e-03 -5.10713110e-03 -5.24944129e-03 -5.36479149e-03 -5.45112480e-03 -5.50682135e-03 -5.53074673e-03 -5.52228900e-03 -5.48138259e-03 -5.40851794e-03 -5.30473607e-03 -5.17160783e-03 -5.01119811e-03 -4.82601591e-03 -4.61895173e-03 -4.39320430e-03 -4.15219908e-03 -3.89950153e-03 -3.63872811e-03 -3.37345834e-03 -3.10715104e-03 -2.84306766e-03 -2.58420540e-03 -2.33324197e-03 -2.09249370e-03 -1.86388761e-03 -1.64894769e-03 -1.44879482e-03 -1.26415930e-03 -1.09540428e-03 -9.42558257e-04 -8.05354362e-04 -6.83274270e-04 -5.75594395e-04 -4.81432367e-04 -3.99791940e-04 -3.29604822e-04 -2.69768257e-04 -2.19177560e-04 -1.76753140e-04 -1.41461873e-04 -1.12332925e-04 -8.84683775e-05 -6.90491064e-05 -5.33365154e-05 -4.06707233e-05 -3.04658314e-05 -2.22028529e-05 -1.54208316e-05 -9.70660762e-06 -4.68361151e-06 0.00000000e+00
 0.00000000e+00 -7.64246952e-07 -1.59379640e-06 -2.55761398e-06 -3.73207005e-06 -5.20483380e-06 -7.07898530e-06 -9.47739714e-06 -1.25474192e-05 -1.64658763e-05 -2.14443582e-05 -2.77347492e-05 -3.56349008e-05 -4.54943087e-05 -5.77196052e-05 -7.27796262e-05 -9.12097628e-05 -1.13615256e-04 -1.40673048e-04 -1.73131785e-04 -2.11809515e-04 -2.57588668e-04 -3.11407886e-04 -3.74250344e-04 -4.47128276e-04 -5.31063518e-04 -6.27064033e-04 -7.36096545e-04 -8.59055588e-04 -9.96729506e-04 -1.14976414e-03 -1.31862514e-03 -1.50356008e-03 -1.70456160e-03 -1.92133320e-03 -2.15325894e-03 -2.39937875e-03 -2.65837081e-03 -2.92854217e-03 -3.20782896e-03 -3.49380691e-03 -3.78371282e-03 -4.07447721e-03 -4.36276794e-03 -4.64504427e-03 -4.91762050e-03 -5.17673770e-03 -5.41864212e-03 -5.63966809e-03 -5.83632333e-03 -6.00537425e-03 -6.14392862e-03 -6.24951302e-03 -6.32014249e-03 -6.35437983e-03 -6.35138234e-03 -6.31093384e-03 -6.23346057e-03 -6.12002963e-03 -5.97232970e-03 -5.79263390e-03 -5.58374580e-03 -5.34892999e-03 -5.09182940e-03 -4.81637218e-03 -4.52667148e-03 -4.22692156e-03 -3.92129428e-03 -3.61383957e-03 -3.30839355e-03 -3.00849750e-03 -2.71733010e-03 -2.43765518e-03 -2.17178580e-03 -1.92156517e-03 -1.68836389e-03 -1.47309235e-03 -1.27622642e-03 -1.09784429e-03 -9.37671767e-04 -7.95133415e-04 -6.69406796e-04 -5.59477363e-04 -4.64191735e-04 -3.82307513e-04 -3.12538186e-04 -2.53592129e-04 -2.04205089e-04 -1.63165956e-04 -1.29335932e-04 -1.01661471e-04 -7.91815500e-05 -6.10299530e-05 -4.64333088e-05 -3.47056160e-05 -2.52399605e-05 -1.74980586e-05 -1.09981754e-05 -5.30187810e-06 0.00000000e+00
 0.00000000e+00 -8.33347130e-07 -1.73874694e-06 -2.79232404e-06 -4.07843538e-06 -5.69400266e-06 -7.75309107e-06 -1.03917934e-05 -1.37734588e-05 -1.80942791e-05 -2.35892141e-05 -3.05381972e-05 -3.92725213e-05 -5.01812525e-05 -6.37174651e-05 -8.04040366e-05 -1.00838681e-04 -1.25697844e-04 -1.55739040e-04 -1.91801158e-04 -2.34802262e-04 -2.85734382e-04 -3.45654835e-04 -4.15673654e-04 -4.96936775e-04 -5.90604772e-04 -6.97827066e-04 -8.19711698e-04 -9.57291003e-04 -1.11148372e-03 -1.28305434e-03 -1.47257065e-03 -1.68036085e-03 -1.90647150e-03 -2.15062807e-03 -2.41219963e-03 -2.69016946e-03 -2.98311319e-03 -3.28918612e-03 -3.60612089e-03 -3.93123664e-03 -4.26146051e-03 -4.59336162e-03 -4.92319764e-03 -5.24697337e-03 -5.56051052e-03 -5.85952722e-03 -6.13972554e-03 -6.39688504e-03 -6.62695975e-03 -6.82617602e-03 -6.99112837e-03 -7.11887021e-03 -7.20699662e-03 -7.25371609e-03 -7.25790851e-03 -7.21916692e-03 -7.13782109e-03 -7.01494115e-03 -6.85232080e-03 -6.65243960e-03 -6.41840534e-03 -6.15387777e-03 -5.86297624e-03 -5.55017407e-03 -5.22018365e-03 -4.87783623e-03 -4.52796094e-03 -4.17526748e-03 -3.82423689e-03 -3.47902419e-03 -3.14337612e-03 -2.82056656e-03 -2.51335103e-03 -2.22394099e-03 -1.95399747e-03 -1.70464285e-03 -1.47648866e-03 -1.26967701e-03 -1.08393243e-03 -9.18621052e-04 -7.72813908e-04 -6.45351337e-04 -5.34905793e-04 -4.40040797e-04 -3.59264258e-04 -2.91074910e-04 -2.34001107e-04 -1.86631693e-04 -1.47639047e-04 -1.15794726e-04 -8.99783647e-05 -6.91806271e-05 -5.25010937e-05 -3.91419557e-05 -2.83983610e-05 -1.96461655e-05 -1.23277475e-05 -5.93643606e-06 0.00000000e+00
 0.00000000e+00 -8.99036027e-07 -1.87695813e-06 -3.01715015e-06 -4.41209050e-06 -6.16814204e-06 -8.41061852e-06 -1.12891949e-05 -1.49837072e-05 -1.97103586e-05 -2.57283143e-05 -3.33466249e-05 -4.29313696e-05 -5.49128566e-05 -6.97926581e-05 -8.81501919e-05 -1.10648503e-04 -1.38038828e-04 -1.71163483e-04 -2.10956557e-04 -2.58441864e-04 -3.14727624e-04 -3.80997325e-04 -4.58496289e-04 -5.48513555e-04 -6.52358800e-04 -7.71334185e-04 -9.06701207e-04 -1.05964288e-03 -1.23122180e-03 -1.42233488e-03 -1.63366595e-03 -1.86563744e-03 -2.11836278e-03 -2.39160126e-03 -2.68471719e-03 -2.99664523e-03 -3.32586386e-03 -3.67037864e-03 -4.02771685e-03 -4.39493483e-03 -4.76863885e-03 -5.14502015e-03 -5.51990409e-03 -5.88881315e-03 -6.24704276e-03 -6.58974870e-03 -6.91204428e-03 -7.20910486e-03 -7.47627742e-03 -7.70919189e-03 -7.90387129e-03 -8.05683719e-03 -8.16520701e-03 -8.22677988e-03 -8.24010749e-03 -8.20454733e-03 -8.12029539e-03 -7.98839662e-03 -7.81073171e-03 -7.58997990e-03 -7.32955819e-03 -7.03353861e-03 -6.70654575e-03 -6.35363817e-03 -5.98017761e-03 -5.59169097e-03 -5.19373005e-03 -4.79173439e-03 -4.39090243e-03 -3.99607550e-03 -3.61163882e-03 -3.24144254e-03 -2.88874487e-03 -2.55617824e-03 -2.24573827e-03 -1.95879425e-03 -1.69611893e-03 -1.45793456e-03 -1.24397190e-03 -1.05353823e-03 -8.85590769e-04 -7.38811716e-04 -6.11681889e-04 -5.02550026e-04 -4.09695704e-04 -3.31384281e-04 -2.65912920e-04 -2.11647316e-04 -1.67049208e-04 -1.30695143e-04 -1.01287270e-04 -7.76570808e-05 -5.87631493e-05 -4.36839014e-05 -3.16064140e-05 -2.18121415e-05 -1.36603501e-05 -6.56991323e-06 0.00000000e+00
 0.00000000e+00 -9.58505123e-07 -2.00268207e-06 -3.22313923e-06 -4.72046850e-06 -6.61050748e-06 -9.02991049e-06 -1.21421045e-05 -1.61436825e-05 -2.12712561e-05 -2.78087500e-05 -3.60950786e-05 -4.65320875e-05 -5.95925872e-05 -7.58282386e-05 -9.58769813e-05 -1.20469624e-04 -1.50435151e-04 -1.86704231e-04 -2.30310367e-04 -2.82388090e-04 -3.44167595e-04 -4.16965207e-04 -5.02169157e-04 -6.01220196e-04 -7.15586725e-04 -8.46734279e-04 -9.96089426e-04 -1.16499837e-03 -1.35468083e-03 -1.56618004e-03 -1.80031010e-03 -2.05760196e-03 -2.33824988e-03 -2.64206024e-03 -2.96840456e-03 -3.31617918e-03 -3.68377328e-03 -4.06904764e-03 -4.46932557e-03 -4.88139780e-03 -5.30154227e-03 -5.72555963e-03 -6.14882465e-03 -6.56635326e-03 -6.97288442e-03 -7.36297543e-03 -7.73110884e-03 -8.07180867e-03 -8.37976291e-03 -8.64994947e-03 -8.87776158e-03 -9.05912932e-03 -9.19063296e-03 -9.26960447e-03 -9.29421310e-03 -9.26353170e-03 -9.17758040e-03 -9.03734538e-03 -8.84477079e-03 -8.60272310e-03 -8.31492813e-03 -7.98588211e-03 -7.62073925e-03 -7.22517955e-03 -6.80526130e-03 -6.36726375e-03 -5.91752582e-03 -5.46228699e-03 -5.00753646e-03 -4.55887618e-03 -4.12140265e-03 -3.69961133e-03 -3.29732641e-03 -2.91765719e-03 -2.56298109e-03 -2.23495212e-03 -1.93453216e-03 -1.66204189e-03 -1.41722732e-03 -1.19933751e-03 -1.00720908e-03 -8.39353266e-04 -6.94041550e-04 -5.69386729e-04 -4.63416648e-04 -3.74138798e-04 -2.99594571e-04 -2.37902657e-04 -1.87291657e-04 -1.46122434e-04 -1.12901068e-04 -8.62835361e-05 -6.50732969e-05 -4.82130394e-05 -3.47717456e-05 -2.39281425e-05 -1.49514596e-05 -7.18026411e-06 0.00000000e+00
 0.00000000e+00 -1.00837810e-06 -2.10900982e-06 -3.39953242e-06 -4.98847272e-06 -7.00099169e-06 -9.58497178e-06 -1.29175327e-05 -1.72120355e-05 -2.27256018e-05 -2.97671338e-05 -3.87057728e-05 -4.99796742e-05 -6.41049151e-05 -8.16842778e-05 -1.03415577e-04 -1.30099123e-04 -1.62643831e-04 -2.02071429e-04 -2.49518142e-04 -3.06233210e-04 -3.73573556e-04 -4.52993952e-04 -5.46032076e-04 -6.54287922e-04 -7.79397199e-04 -9.22998490e-04 -1.08669419e-03 -1.27200550e-03 -1.48032206e-03 -1.71284707e-03 -1.97053919e-03 -2.25405259e-03 -2.56367718e-03 -2.89928088e-03 -3.26025619e-03 -3.64547349e-03 -4.05324327e-03 -4.48128957e-03 -4.92673672e-03 -5.38611103e-03 -5.85535888e-03 -6.32988220e-03 -6.80459154e-03 -7.27397685e-03 -7.73219506e-03 -8.17317321e-03 -8.59072531e-03 -8.97868032e-03 -9.33101839e-03 -9.64201193e-03 -9.90636748e-03 -1.01193643e-02 -1.02769856e-02 -1.03760365e-02 -1.04142471e-02 -1.03903528e-02 -1.03041513e-02 -1.01565313e-02 -9.94947097e-03 -9.68600557e-03 -9.37016299e-03 -9.00686947e-03 -8.60182741e-03 -8.16136924e-03 -7.69229249e-03 -7.20168185e-03 -6.69672518e-03 -6.18453037e-03 -5.67195017e-03 -5.16542175e-03 -4.67082675e-03 -4.19337675e-03 -3.73752737e-03 -3.30692309e-03 -2.90437292e-03 -2.53185578e-03 -2.19055288e-03 -1.88090350e-03 -1.60267945e-03 -1.35507331e-03 -1.13679514e-03 -9.46172679e-04 -7.81250523e-04 -6.39884191e-04 -5.19826082e-04 -4.18800927e-04 -3.34569328e-04 -2.64978711e-04 -2.08001711e-04 -1.61762591e-04 -1.24552678e-04 -9.48361044e-05 -7.12472589e-05 -5.25813905e-05 -3.77797423e-05 -2.59104606e-05 -1.61463622e-05 -7.74046293e-06 0.00000000e+00
 0.00000000e+00 -1.04466454e-06 -2.18777789e-06 -3.53362245e-06 -5.19828240e-06 -7.31587512e-06 -1.00451609e-05 -1.35766265e-05 -1.81401109e-05 -2.40130056e-05 -3.15290178e-05 -4.10874336e-05 -5.31627546e-05 -6.83145133e-05 -8.71969952e-05 -1.10568513e-04 -1.39299796e-04 -1.74380969e-04 -2.16926530e-04 -2.68177651e-04 -3.29501101e-04 -4.02384048e-04 -4.88424018e-04 -5.89313323e-04 -7.06817379e-04 -8.42746446e-04 -9.98920531e-04 -1.17712742e-03 -1.37907408e-03 -1.60633203e-03 -1.86027747e-03 -2.14202765e-03 -2.45237480e-03 -2.79171982e-03 -3.16000766e-03 -3.55666709e-03 -3.98055708e-03 -4.42992268e-03 -4.90236257e-03 -5.39481085e-03 -5.90353499e-03 -6.42415149e-03 -6.95166061e-03 -7.48050066e-03 -8.00462189e-03 -8.51757944e-03 -9.01264409e-03 -9.48292893e-03 -9.92152930e-03 -1.03216731e-02 -1.06768777e-02 -1.09811088e-02 -1.12289378e-02 -1.14156910e-02 -1.15375876e-02 -1.15918597e-02 -1.15768498e-02 -1.14920829e-02 -1.13383063e-02 -1.11174973e-02 -1.08328347e-02 -1.04886350e-02 -1.00902530e-02 -9.64395094e-03 -9.15673788e-03 -8.63618710e-03 -8.09023649e-03 -7.52698022e-03 -6.95445958e-03 -6.38046129e-03 -5.81233094e-03 -5.25680880e-03 -4.71989370e-03 -4.20673922e-03 -3.72158486e-03 -3.26772275e-03 -2.84749884e-03 -2.46234577e-03 -2.11284327e-03 -1.79880103e-03 -1.51935811e-03 -1.27309290e-03 -1.05813783e-03 -8.72293396e-04 -7.13136724e-04 -5.78121119e-04 -4.64663655e-04 -3.70219109e-04 -2.92339382e-04 -2.28718390e-04 -1.77223047e-04 -1.35911507e-04 -1.03040117e-04 -7.70607268e-05 -5.66100421e-05 -4.04926091e-05 -2.76589041e-05 -1.71797808e-05 -8.21832932e-06 0.00000000e+00
 0.00000000e+00 -1.06271913e-06 -2.22948617e-06 -3.61062925e-06 -5.32918460e-06 -7.52761272e-06 -1.03749300e-05 -1.40743619e-05 -1.88715932e-05 -2.50636571e-05 -3.30084514e-05 -4.31348216e-05 -5.59530789e-05 -7.20657490e-05 -9.21782656e-05 -1.17109233e-04 -1.47799788e-04 -1.85321515e-04 -2.30882251e-04 -2.85829093e-04 -3.51647813e-04 -4.29957893e-04 -5.22502387e-04 -6.31131843e-04 -7.57781637e-04 -9.04442176e-04 -1.07312166e-03 -1.26580129e-03 -1.48438317e-03 -1.73063140e-03 -2.00610731e-03 -2.31210013e-03 -2.64955474e-03 -3.01899853e-03 -3.42046982e-03 -3.85345022e-03 -4.31680383e-03 -4.80872613e-03 -5.32670514e-03 -5.86749757e-03 -6.42712226e-03 -7.00087281e-03 -7.58335079e-03 -8.16852054e-03 -8.74978559e-03 -9.32008652e-03 -9.87201880e-03 -1.03979691e-02 -1.08902673e-02 -1.13413509e-02 -1.17439378e-02 -1.20912038e-02 -1.23769585e-02 -1.25958149e-02 -1.27433473e-02 -1.28162312e-02 -1.28123594e-02 -1.27309304e-02 -1.25725022e-02 -1.23390104e-02 -1.20337458e-02 -1.16612923e-02 -1.12274244e-02 -1.07389669e-02 -1.02036220e-02 -9.62976734e-03 -9.02623438e-03 -8.40207458e-03 -7.76632223e-03 -7.12776402e-03 -6.49472394e-03 -5.87487218e-03 -5.27506477e-03 -4.70121944e-03 -4.15823090e-03 -3.64992683e-03 -3.17906354e-03 -2.74735855e-03 -2.35555541e-03 -2.00351511e-03 -1.69032736e-03 -1.41443491e-03 -1.17376391e-03 -9.65854281e-04 -7.87984242e-04 -6.37284862e-04 -5.10841111e-04 -4.05777349e-04 -3.19326179e-04 -2.48880571e-04 -1.92029957e-04 -1.46581600e-04 -1.10568907e-04 -8.22486085e-05 -6.00887142e-05 -4.27491437e-05 -2.90566966e-05 -1.79758390e-05 -8.57651956e-06 0.00000000e+00
 0.00000000e+00 -1.05720886e-06 -2.22323209e-06 -3.61360111e-06 -5.35744237e-06 -7.60466964e-06 -1.05336300e-05 -1.43593202e-05 -1.93422588e-05 -2.57980610e-05 -3.41077114e-05 -4.47284727e-05 -5.82052953e-05 -7.51825174e-05 -9.64155534e-05 -1.22782175e-04 -1.55292895e-04 -1.95099855e-04 -2.43503542e-04 -3.01956565e-04 -3.72063659e-04 -4.55577063e-04 -5.54386401e-04 -6.70502231e-04 -8.06032535e-04 -9.63151541e-04 -1.14406048e-03 -1.35094014e-03 -1.58589534e-03 -1.85089193e-03 -2.14768709e-03 -2.47775443e-03 -2.84220538e-03 -3.24170931e-03 -3.67641454e-03 -4.14587316e-03 -4.64897270e-03 -5.18387746e-03 -5.74798274e-03 -6.33788476e-03 -6.94936889e-03 -7.57741842e-03 -8.21624560e-03 -8.85934611e-03 -9.49957735e-03 -1.01292604e-02 -1.07403047e-02 -1.13243534e-02 -1.18729470e-02 -1.23777021e-02 -1.28305006e-02 -1.32236853e-02 -1.35502558e-02 -1.38040592e-02 -1.39799693e-02 -1.40740476e-02 -1.40836800e-02 -1.40076829e-02 -1.38463736e-02 -1.36016000e-02 -1.32767268e-02 -1.28765766e-02 -1.24073254e-02 -1.18763551e-02 -1.12920671e-02 -1.06636627e-02 -1.00008985e-02 -9.31382559e-03 -8.61252328e-03 -7.90683774e-03 -7.20613602e-03 -6.51908535e-03 -5.85346597e-03 -5.21602400e-03 -4.61236859e-03 -4.04691514e-03 -3.52287403e-03 -3.04228191e-03 -2.60607049e-03 -2.21416667e-03 -1.86561629e-03 -1.55872357e-03 -1.29119865e-03 -1.06030544e-03 -8.63003749e-04 -6.96080248e-04 -5.56264313e-04 -4.40326268e-04 -3.45156635e-04 -2.67826268e-04 -2.05628095e-04 -1.56101943e-04 -1.17044373e-04 -8.65057022e-05 -6.27764499e-05 -4.43653677e-05 -2.99709935e-05 -1.84484254e-05 -8.77271426e-06 0.00000000e+00
 0.00000000e+00 -1.02209088e-06 -2.15666686e-06 -3.52335008e-06 -5.25621099e-06 -7.51142094e-06 -1.04753973e-05 -1.43735695e-05 -1.94798603e-05 -2.61269378e-05 -3.47172372e-05 -4.57346913e-05 -5.97570346e-05 -7.74684605e-05 -9.96723189e-05 -1.27303440e-04 -1.61439565e-04 -2.03311266e-04 -2.54309616e-04 -3.15990816e-04 -3.90076883e-04 -4.78451475e-04 -5.83149914e-04 -7.06342520e-04 -8.50310416e-04 -1.01741315e-03 -1.21004762e-03 -1.43059817e-03 -1.68137786e-03 -1.96456146e-03 -2.28211104e-03 -2.63569550e-03 -3.02660579e-03 -3.45566807e-03 -3.92315738e-03 -4.42871467e-03 -4.97127055e-03 -5.54897879e-03 -6.15916306e-03 -6.79828001e-03 -7.46190162e-03 -8.14471938e-03 -8.84057232e-03 -9.54250032e-03 -1.02428235e-02 -1.09332475e-02 -1.16049942e-02 -1.22489556e-02 -1.28558686e-02 -1.34165081e-02 -1.39218920e-02 -1.43634954e-02 -1.47334672e-02 -1.50248422e-02 -1.52317427e-02 -1.53495619e-02 -1.53751228e-02 -1.53068037e-02 -1.51446270e-02 -1.48903028e-02 -1.45472254e-02 -1.41204195e-02 -1.36164357e-02 -1.30431968e-02 -1.24097993e-02 -1.17262765e-02 -1.10033303e-02 -1.02520435e-02 -9.48358268e-03 -8.70890437e-03 -7.93847572e-03 -7.18202190e-03 -6.44830939e-03 -5.74497330e-03 -5.07839385e-03 -4.45362486e-03 -3.87437382e-03 -3.34303072e-03 -2.86074037e-03 -2.42751109e-03 -2.04235134e-03 -1.70342539e-03 -1.40821885e-03 -1.15370569e-03 -9.36509270e-04 -7.53051147e-04 -5.99683122e-04 -4.72799383e-04 -3.68927164e-04 -2.84795634e-04 -2.17383839e-04 -1.63949317e-04 -1.22039589e-04 -8.94890181e-05 -6.44035963e-05 -4.51361362e-05 -3.02541009e-05 -1.85020110e-05 -8.76002846e-06 0.00000000e+00
 0.00000000e+00 -9.50604277e-07 -2.01597999e-06 -3.31843119e-06 -4.99551524e-06 -7.20813190e-06 -1.01491448e-05 -1.40526749e-05 -1.92041716e-05 -2.59513221e-05 -3.47158063e-05 -4.60058375e-05 -6.04293510e-05 -7.87076159e-05 -1.01688945e-04 -1.30362074e-04 -1.65868664e-04 -2.09514280e-04 -2.62777074e-04 -3.27313332e-04 -4.04958920e-04 -4.97725676e-04 -6.07791718e-04 -7.37484698e-04 -8.89257124e-04 -1.06565297e-03 -1.26926501e-03 -1.50268269e-03 -1.76843040e-03 -2.06889674e-03 -2.40625557e-03 -2.78238026e-03 -3.19875271e-03 -3.65636980e-03 -4.15564956e-03 -4.69634045e-03 -5.27743689e-03 -5.89710467e-03 -6.55261977e-03 -7.24032402e-03 -7.95560100e-03 -8.69287479e-03 -9.44563424e-03 -1.02064842e-02 -1.09672252e-02 -1.17189611e-02 -1.24522349e-02 -1.31571905e-02 -1.38237582e-02 -1.44418607e-02 -1.50016348e-02 -1.54936636e-02 -1.59092134e-02 -1.62404683e-02 -1.64807548e-02 -1.66247487e-02 -1.66686568e-02 -1.66103646e-02 -1.64495439e-02 -1.61877136e-02 -1.58282478e-02 -1.53763293e-02 -1.48388470e-02 -1.42242380e-02 -1.35422781e-02 -1.28038281e-02 -1.20205432e-02 -1.12045575e-02 -1.03681554e-02 -9.52344337e-03 -8.68203608e-03 -7.85476904e-03 -7.05144999e-03 -6.28065792e-03 -5.54959662e-03 -4.86400601e-03 -4.22813188e-03 -3.64475094e-03 -3.11524588e-03 -2.63972241e-03 -2.21715920e-03 -1.84558034e-03 -1.52224008e-03 -1.24381026e-03 -1.00656160e-03 -8.06531849e-04 -6.39675308e-04 -5.01990047e-04 -3.89620955e-04 -2.98938144e-04 -2.26591609e-04 -1.69543961e-04 -1.25083708e-04 -9.08219195e-05 -6.46752038e-05 -4.48378181e-05 -2.97454617e-05 -1.80329603e-05 -8.48766315e-06 0.00000000e+00
 0.00000000e+00 -8.35279480e-07 -1.78591945e-06 -2.97517673e-06 -4.54230278e-06 -6.65103789e-06 -9.49867823e-06 -1.33258670e-05 -1.84272253e-05 -2.51628931e-05 -3.39709913e-05 -4.53809500e-05 -6.00275634e-05 -7.86655425e-05 -1.02184231e-04 -1.31622039e-04 -1.68180030e-04 -2.13233986e-04 -2.68344146e-04 -3.35261717e-04 -4.15931189e-04 -5.12487377e-04 -6.27246155e-04 -7.62687810e-04 -9.21432057e-04 -1.10620387e-03 -1.31978952e-03 -1.56498240e-03 -1.84451869e-03 -2.16100317e-03 -2.51682602e-03 -2.91407199e-03 -3.35442362e-03 -3.83906095e-03 -4.36856053e-03 -4.94279674e-03 -5.56084918e-03 -6.22091969e-03 -6.92026295e-03 -7.65513431e-03 -8.42075851e-03 -9.21132244e-03 -1.00199947e-02 -1.08389742e-02 -1.16595684e-02 -1.24723031e-02 -1.32670623e-02 -1.40332562e-02 -1.47600174e-02 -1.54364186e-02 -1.60517101e-02 -1.65955702e-02 -1.70583620e-02 -1.74313904e-02 -1.77071504e-02 -1.78795576e-02 -1.79441547e-02 -1.78982820e-02 -1.77412059e-02 -1.74741981e-02 -1.71005580e-02 -1.66255758e-02 -1.60564337e-02 -1.54020451e-02 -1.46728371e-02 -1.38804802e-02 -1.30375769e-02 -1.21573178e-02 -1.12531217e-02 -1.03382720e-02 -9.42556591e-03 -8.52699111e-03 -7.65344231e-03 -6.81448976e-03 -6.01820714e-03 -5.27106367e-03 -4.57788145e-03 -3.94185536e-03 -3.36462987e-03 -2.84642415e-03 -2.38619533e-03 -1.98182841e-03 -1.63034122e-03 -1.32809330e-03 -1.07098892e-03 -8.54665807e-04 -6.74663452e-04 -5.26566553e-04 -4.06121358e-04 -3.09324333e-04 -2.32484040e-04 -1.72258286e-04 -1.25669305e-04 -9.01001945e-05 -6.32759229e-05 -4.32321037e-05 -2.82744436e-05 -1.69313577e-05 -7.90180856e-06 0.00000000e+00
 0.00000000e+00 -6.67969002e-07 -1.44985550e-06 -2.46779744e-06 -3.86058978e-06 -5.79254459e-06 -8.46296485e-06 -1.21163952e-05 -1.70537757e-05 -2.36445778e-05 -3.23399402e-05 -4.36867522e-05 -5.83425476e-05 -7.70909742e-05 -1.00857498e-04 -1.30724881e-04 -1.67947860e-04 -2.13966303e-04 -2.70416036e-04 -3.39136384e-04 -4.22173406e-04 -5.21777710e-04 -6.40395739e-04 -7.80653394e-04 -9.45330951e-04 -1.13732837e-03 -1.35962025e-03 -1.61520006e-03 -1.90701339e-03 -2.23788075e-03 -2.61041048e-03 -3.02690318e-03 -3.48924946e-03 -3.99882327e-03 -4.55637383e-03 -5.16191927e-03 -5.81464584e-03 -6.51281649e-03 -7.25369300e-03 -8.03347559e-03 -8.84726405e-03 -9.68904375e-03 -1.05516998e-02 -1.14270619e-02 -1.23059806e-02 -1.31784377e-02 -1.40336889e-02 -1.48604380e-02 -1.56470410e-02 -1.63817361e-02 -1.70528953e-02 -1.76492922e-02 -1.81603787e-02 -1.85765636e-02 -1.88894847e-02 -1.90922641e-02 -1.91797387e-02 -1.91486555e-02 -1.89978227e-02 -1.87282084e-02 -1.83429797e-02 -1.78474772e-02 -1.72491224e-02 -1.65572572e-02 -1.57829185e-02 -1.49385553e-02 -1.40376957e-02 -1.30945767e-02 -1.21237527e-02 -1.11396953e-02 -1.01564058e-02 -9.18705254e-03 -8.24365171e-03 -7.33680242e-03 -6.47548671e-03 -5.66694004e-03 -4.91659428e-03 -4.22809085e-03 -3.60335820e-03 -3.04274442e-03 -2.54519378e-03 -2.10845455e-03 -1.72930484e-03 -1.40378412e-03 -1.12741907e-03 -8.95434224e-04 -7.02940133e-04 -5.45094163e-04 -4.17231002e-04 -3.14962253e-04 -2.34246013e-04 -1.71428694e-04 -1.23262203e-04 -8.69000903e-05 -5.98764168e-05 -4.00709445e-05 -2.56639330e-05 -1.50833491e-05 -6.94679875e-06 0.00000000e+00
 0.00000000e+00 -4.39904002e-07 -9.89896562e-07 -1.76856369e-06 -2.91171655e-06 -4.58157069e-06 -6.97658016e-06 -1.03421019e-05 -1.49820272e-05 -2.12714690e-05 -2.96705282e-05 -4.07390931e-05 -5.51525342e-05 -7.37180575e-05 -9.73913697e-05 -1.27293185e-04 -1.64724974e-04 -2.11183233e-04 -2.68371408e-04 -3.38208506e-04 -4.22833324e-04 -5.24603128e-04 -6.46085625e-04 -7.90043018e-04 -9.59407046e-04 -1.15724401e-03 -1.38670900e-03 -1.65098874e-03 -1.95323300e-03 -2.29647465e-03 -2.68353915e-03 -3.11694472e-03 -3.59879498e-03 -4.13066636e-03 -4.71349325e-03 -5.34745425e-03 -6.03186337e-03 -6.76507016e-03 -7.54437334e-03 -8.36595193e-03 -9.22481834e-03 -1.01147971e-02 -1.10285330e-02 -1.19575307e-02 -1.28922292e-02 -1.38221106e-02 -1.47358446e-02 -1.56214677e-02 -1.64665945e-02 -1.72586577e-02 -1.79851734e-02 -1.86340250e-02 -1.91937586e-02 -1.96538836e-02 -2.00051667e-02 -2.02399131e-02 -2.03522214e-02 -2.03382035e-02 -2.01961601e-02 -1.99267003e-02 -1.95327992e-02 -1.90197863e-02 -1.83952612e-02 -1.76689352e-02 -1.68524022e-02 -1.59588431e-02 -1.50026746e-02 -1.39991535e-02 -1.29639532e-02 -1.19127292e-02 -1.08606912e-02 -9.82220257e-03 -8.81042181e-03 -7.83700285e-03 -6.91186467e-03 -6.04303801e-03 -5.23659189e-03 -4.49663839e-03 -3.82540945e-03 -3.22339630e-03 -2.68953906e-03 -2.22145259e-03 -1.81567392e-03 -1.46791726e-03 -1.17332364e-03 -9.26694635e-04 -7.22701477e-04 -5.56064106e-04 -4.21696668e-04 -3.14818638e-04 -2.31032500e-04 -1.66370475e-04 -1.17313748e-04 -8.07882566e-05 -5.41412373e-05 -3.51025841e-05 -2.17346981e-05 -1.23739752e-05 -5.56650512e-06 0.00000000e+00
 0.00000000e+00 -1.41780911e-07 -3.87066189e-07 -8.48080100e-07 -1.65473122e-06 -2.96405662e-06 -4.97036247e-06 -7.91624878e-06 -1.21046664e-05 -1.79121032e-05 -2.58029326e-05 -3.63448796e-05 -5.02254719e-05 -6.82692364e-05 -9.14552898e-05 -1.20934843e-04 -1.58048009e-04 -2.04339169e-04 -2.61570012e-04 -3.31729245e-04 -4.17037871e-04 -5.19948824e-04 -6.43139746e-04 -7.89497642e-04 -9.62094252e-04 -1.16415106e-03 -1.39899308e-03 -1.66999076e-03 -1.98048986e-03 -2.33372928e-03 -2.73274762e-03 -3.18027962e-03 -3.67864417e-03 -4.22962629e-03 -4.83435602e-03 -5.49318762e-03 -6.20558304e-03 -6.97000388e-03 -7.78381644e-03 -8.64321437e-03 -9.54316334e-03 -1.04773721e-02 -1.14382937e-02 -1.24171599e-02 -1.34040510e-02 -1.43880037e-02 -1.53571556e-02 -1.62989276e-02 -1.72002410e-02 -1.80477663e-02 -1.88282009e-02 -1.95285672e-02 -2.01365262e-02 -2.06406979e-02 -2.10309785e-02 -2.12988443e-02 -2.14376329e-02 -2.14427879e-02 -2.13120584e-02 -2.10456420e-02 -2.06462621e-02 -2.01191719e-02 -1.94720813e-02 -1.87150037e-02 -1.78600240e-02 -1.69209951e-02 -1.59131689e-02 -1.48527778e-02 -1.37565808e-02 -1.26413934e-02 -1.15236217e-02 -1.04188211e-02 -9.34129816e-03 -8.30377399e-03 -7.31712150e-03 -6.39018606e-03 -5.52969375e-03 -4.74024578e-03 -4.02439344e-03 -3.38278334e-03 -2.81435965e-03 -2.31660797e-03 -1.88582476e-03 -1.51739639e-03 -1.20607365e-03 -9.46229217e-04 -7.32088814e-04 -5.57929258e-04 -4.18239647e-04 -3.07844526e-04 -2.21990008e-04 -1.56395565e-04 -1.07275335e-04 -7.13334429e-05 -4.57380375e-05 -2.80785761e-05 -1.63104471e-05 -8.69044457e-06 -3.70594370e-06 0.00000000e+00
 0.00000000e+00 2.36117547e-07 3.78450434e-07 3.24333303e-07 -4.69195394e-08 -8.83662106e-07 -2.37230313e-06 -4.74863120e-06 -8.31023799e-06 -1.34301462e-05 -2.05716824e-05 -3.03045574e-05 -4.33220205e-05 -6.04588526e-05 -8.27098384e-05 -1.11248234e-04 -1.47443606e-04 -1.92878281e-04 -2.49361501e-04 -3.18940257e-04 -4.03905658e-04 -5.06793605e-04 -6.30378480e-04 -7.77658569e-04 -9.51831962e-04 -1.15626181e-03 -1.39442999e-03 -1.66987844e-03 -1.98613795e-03 -2.34664424e-03 -2.75464217e-03 -3.21307896e-03 -3.72448820e-03 -4.29086702e-03 -4.91354924e-03 -5.59307805e-03 -6.32908220e-03 -7.12016010e-03 -7.96377652e-03 -8.85617668e-03 -9.79232248e-03 -1.07658555e-02 -1.17690906e-02 -1.27930444e-02 -1.38275002e-02 -1.48611125e-02 -1.58815510e-02 -1.68756845e-02 -1.78298021e-02 -1.87298701e-02 -1.95618186e-02 -2.03118538e-02 -2.09667872e-02 -2.15143752e-02 -2.19436570e-02 -2.22452825e-02 -2.24118168e-02 -2.24380113e-02 -2.23210271e-02 -2.20606022e-02 -2.16591498e-02 -2.11217804e-02 -2.04562418e-02 -1.96727732e-02 -1.87838750e-02 -1.78039977e-02 -1.67491598e-02 -1.56365079e-02 -1.44838339e-02 -1.33090716e-02 -1.21297921e-02 -1.09627219e-02 -9.82330459e-03 -8.72532569e-03 -7.68061556e-03 -6.69884247e-03 -5.78740034e-03 -4.95139124e-03 -4.19369691e-03 -3.51512880e-03 -2.91464224e-03 -2.38959823e-03 -1.93605485e-03 -1.54907096e-03 -1.22300598e-03 -9.51802034e-04 -7.29237729e-04 -5.49145899e-04 -4.05591034e-04 -2.93004867e-04 -2.06281192e-04 -1.40832812e-04 -9.26148940e-05 -5.81196986e-05 -3.43479163e-05 -1.87616308e-05 -9.22346291e-06 -3.92577166e-06 -1.31305816e-06 0.00000000e+00
 0.00000000e+00 7.03763023e-07 1.32698234e-06 1.78014109e-06 1.95550249e-06 1.71732572e-06 8.91300612e-07 -7.47011880e-07 -3.48490438e-06 -7.68652934e-06 -1.38082355e-05 -2.24152017e-05 -3.41992404e-05 -4.99975327e-05 -7.08119360e-05 -9.78283737e-05 -1.32435672e-04 -1.76243074e-04 -2.31095501e-04 -2.99085526e-04 -3.82560874e-04 -4.84126190e-04 -6.06637760e-04 -7.53189831e-04 -9.27091255e-04 -1.13183123e-03 -1.37103318e-03 -1.64839588e-03 -1.96762160e-03 -2.33233101e-03 -2.74596553e-03 -3.21167798e-03 -3.73221330e-03 -4.30978153e-03 -4.94592587e-03 -5.64138950e-03 -6.39598510e-03 -7.20847144e-03 -8.07644219e-03 -8.99623154e-03 -9.96284206e-03 -1.09698993e-02 -1.20096376e-02 -1.30729215e-02 -1.41493052e-02 -1.52271327e-02 -1.62936797e-02 -1.73353375e-02 -1.83378370e-02 -1.92865106e-02 -2.01665877e-02 -2.09635177e-02 -2.16633139e-02 -2.22529097e-02 -2.27205166e-02 -2.30559735e-02 -2.32510752e-02 -2.32998674e-02 -2.31988958e-02 -2.29473969e-02 -2.25474185e-02 -2.20038623e-02 -2.13244384e-02 -2.05195301e-02 -1.96019670e-02 -1.85867114e-02 -1.74904651e-02 -1.63312101e-02 -1.51277008e-02 -1.38989280e-02 -1.26635770e-02 -1.14395059e-02 -1.02432663e-02 -9.08968825e-03 -7.99154872e-03 -6.95933442e-03 -6.00110756e-03 -5.12247474e-03 -4.32665350e-03 -3.61462593e-03 -2.98536404e-03 -2.43610890e-03 -1.96268403e-03 -1.55982383e-03 -1.22149903e-03 -9.41223949e-04 -7.12333385e-04 -5.28220560e-04 -3.82531108e-04 -2.69311373e-04 -1.83112030e-04 -1.19050227e-04 -7.28348917e-05 -4.07607231e-05 -1.96766149e-05 -6.93407538e-06 -3.20658469e-07 2.01732431e-06 1.65937178e-06 0.00000000e+00
 0.00000000e+00 1.27118075e-06 2.47896465e-06 3.55096383e-06 4.39651968e-06 4.89685608e-06 4.89440776e-06 4.18109744e-06 2.48537914e-06 -5.42078889e-07 -5.34412891e-06 -1.24742694e-05 -2.26150373e-05 -3.65974312e-05 -5.54210042e-05 -8.02741304e-05 -1.12553806e-04 -1.53884200e-04 -2.06133016e-04 -2.71424604e-04 -3.52148623e-04 -4.50962969e-04 -5.70789606e-04 -7.14801932e-04 -8.86402335e-04 -1.08918868e-03 -1.32690867e-03 -1.60340120e-03 -1.92252424e-03 -2.28806912e-03 -2.70366158e-03 -3.17265057e-03 -3.69798634e-03 -4.28208989e-03 -4.92671687e-03 -5.63281914e-03 -6.40040828e-03 -7.22842540e-03 -8.11462238e-03 -9.05545953e-03 -1.00460250e-02 -1.10799811e-02 -1.21495421e-02 -1.32454878e-02 -1.43572167e-02 -1.54728406e-02 -1.65793237e-02 -1.76626641e-02 -1.87081193e-02 -1.97004715e-02 -2.06243286e-02 -2.14644576e-02 -2.22061393e-02 -2.28355403e-02 -2.33400882e-02 -2.37088412e-02 -2.39328388e-02 -2.40054201e-02 -2.39224977e-02 -2.36827723e-02 -2.32878771e-02 -2.27424403e-02 -2.20540579e-02 -2.12331709e-02 -2.02928452e-02 -1.92484582e-02 -1.81172974e-02 -1.69180867e-02 -1.56704547e-02 -1.43943690e-02 -1.31095593e-02 -1.18349559e-02 -1.05881703e-02 -9.38504072e-03 -8.23926355e-03 -7.16212567e-03 -6.16234657e-03 -5.24603185e-03 -4.41673344e-03 -3.67560548e-03 -3.02163985e-03 -2.45196206e-03 -1.96216618e-03 -1.54666789e-03 -1.19905568e-03 -9.12423416e-04 -6.79670588e-04 -4.93760629e-04 -3.47931680e-04 -2.35857668e-04 -1.51760750e-04 -9.04785562e-05 -4.74913192e-05 -1.89149244e-05 -1.46621619e-06 7.59334080e-06 1.05301400e-05 9.22238276e-06 5.25175769e-06 0.00000000e+00
 0.00000000e+00 1.94820527e-06 3.85444242e-06 5.66781460e-06 7.31926342e-06 8.71173828e-06 9.70949555e-06 1.01262879e-05 9.71224891e-06 8.13933503e-06 4.98526046e-06 -2.84056727e-07 -8.33341611e-06 -1.99783903e-05 -3.62061525e-05 -5.81965774e-05 -8.73429695e-05 -1.25271623e-04 -1.73859272e-04 -2.35247344e-04 -3.11851806e-04 -4.06367298e-04 -5.21764162e-04 -6.61276970e-04 -8.28383163e-04 -1.02677051e-03 -1.26029222e-03 -1.53290891e-03 -1.84861666e-03 -2.21136116e-03 -2.62493811e-03 -3.09288080e-03 -3.61833623e-03 -4.20393203e-03 -4.85163675e-03 -5.56261717e-03 -6.33709645e-03 -7.17421798e-03 -8.07191960e-03 -9.02682379e-03 -1.00341490e-02 -1.10876478e-02 -1.21795760e-02 -1.33006988e-02 -1.44403365e-02 -1.55864529e-02 -1.67257894e-02 -1.78440439e-02 -1.89260949e-02 -1.99562684e-02 -2.09186432e-02 -2.17973904e-02 -2.25771388e-02 -2.32433582e-02 -2.37827509e-02 -2.41836390e-02 -2.44363353e-02 -2.45334841e-02 -2.44703582e-02 -2.42450978e-02 -2.38588780e-02 -2.33159937e-02 -2.26238513e-02 -2.17928608e-02 -2.08362263e-02 -1.97696346e-02 -1.86108510e-02 -1.73792328e-02 -1.60951784e-02 -1.47795343e-02 -1.34529856e-02 -1.21354566e-02 -1.08455522e-02 -9.60006347e-03 -8.41356285e-03 -7.29810458e-03 -6.26304183e-03 -5.31496365e-03 -4.45774731e-03 -3.69271520e-03 -3.01887942e-03 -2.43325341e-03 -1.93120793e-03 -1.50684821e-03 -1.15339073e-03 -8.63520912e-04 -6.29716661e-04 -4.44527103e-04 -3.00800005e-04 -1.91855566e-04 -1.11607535e-04 -5.46353749e-05 -1.62130002e-05 7.69933328e-06 2.04930614e-05 2.49726023e-05 2.34339035e-05 1.77551714e-05 9.49573591e-06 0.00000000e+00
 0.00000000e+00 2.74419252e-06 5.47248575e-06 8.16019930e-06 1.07647704e-05 1.32160224e-05 1.54055167e-05 1.71747324e-05 1.83018680e-05 1.84871149e-05 1.73363296e-05 1.43431149e-05 8.86942867e-06 1.24949028e-07 -1.28544403e-05 -3.12285438e-05 -5.63744756e-05 -8.99072080e-05 -1.33698092e-04 -1.89890256e-04 -2.60909657e-04 -3.49470460e-04 -4.58573338e-04 -5.91495265e-04 -7.51769395e-04 -9.43153681e-04 -1.16958707e-03 -1.43513228e-03 -1.74390461e-03 -2.09998630e-03 -2.50732696e-03 -2.96963051e-03 -3.49023020e-03 -4.07195361e-03 -4.71698038e-03 -5.42669596e-03 -6.20154546e-03 -7.04089214e-03 -7.94288556e-03 -8.90434475e-03 -9.92066205e-03 -1.09857330e-02 -1.20919174e-02 -1.32300374e-02 -1.43894149e-02 -1.55579531e-02 -1.67222650e-02 -1.78678471e-02 -1.89793013e-02 -2.00406009e-02 -2.10353977e-02 -2.19473657e-02 -2.27605736e-02 -2.34598783e-02 -2.40313290e-02 -2.44625698e-02 -2.47432290e-02 -2.48652805e-02 -2.48233623e-02 -2.46150392e-02 -2.42409934e-02 -2.37051322e-02 -2.30145999e-02 -2.21796876e-02 -2.12136357e-02 -2.01323294e-02 -1.89538941e-02 -1.76982005e-02 -1.63862982e-02 -1.50397984e-02 -1.36802349e-02 -1.23284294e-02 -1.10038948e-02 -9.72430237e-03 -8.50504037e-03 -7.35888229e-03 -6.29577840e-03 -5.32277481e-03 -4.44405679e-03 -3.66110534e-03 -2.97294959e-03 -2.37649321e-03 -1.86689044e-03 -1.43794664e-03 -1.08252009e-03 -7.92904392e-04 -5.61174908e-04 -3.79487571e-04 -2.40322696e-04 -1.36671166e-04 -6.21639339e-05 -1.11488067e-05 2.12794959e-05 3.92888704e-05 4.63514232e-05 4.53098862e-05 3.84623477e-05 2.76598181e-05 1.44122833e-05 0.00000000e+00
 0.00000000e+00 3.66769002e-06 7.35052009e-06 1.10550866e-05 1.47705611e-05 1.84591459e-05 2.20455619e-05 2.54053013e-05 2.83514227e-05 3.06197292e-05 3.18522443e-05 3.15789913e-05 2.91981870e-05 2.39550767e-05 1.49197758e-05 9.64618001e-07 -1.92583323e-05 -4.73387964e-05 -8.51278661e-05 -1.34754550e-04 -1.98638051e-04 -2.79494427e-04 -3.80336228e-04 -5.04463655e-04 -6.55445802e-04 -8.37090634e-04 -1.05340246e-03 -1.30852593e-03 -1.60667581e-03 -1.95205221e-03 -2.34874142e-03 -2.80060299e-03 -3.31114426e-03 -3.88338434e-03 -4.51971004e-03 -5.22172710e-03 -5.99011051e-03 -6.82445866e-03 -7.72315614e-03 -8.68325077e-03 -9.70035034e-03 -1.07685449e-02 -1.18803598e-02 -1.30267451e-02 -1.41971051e-02 -1.53793723e-02 -1.65601280e-02 -1.77247709e-02 -1.88577340e-02 -1.99427483e-02 -2.09631489e-02 -2.19022209e-02 -2.27435758e-02 -2.34715526e-02 -2.40716314e-02 -2.45308492e-02 -2.48382050e-02 -2.49850386e-02 -2.49653705e-02 -2.47761858e-02 -2.44176482e-02 -2.38932303e-02 -2.32097471e-02 -2.23772849e-02 -2.14090186e-02 -2.03209173e-02 -1.91313424e-02 -1.78605489e-02 -1.65301065e-02 -1.51622634e-02 -1.37792794e-02 -1.24027600e-02 -1.10530234e-02 -9.74853098e-03 -8.50540999e-03 -7.33709004e-03 -6.25406848e-03 -5.26381099e-03 -4.37078466e-03 -3.57661309e-03 -2.88033534e-03 -2.27874591e-03 -1.76678957e-03 -1.33798448e-03 -9.84847976e-04 -6.99302870e-04 -4.73046195e-04 -2.97867371e-04 -1.65907876e-04 -6.98593014e-05 -3.10076520e-06 4.02200963e-05 6.51561153e-05 7.59718353e-05 7.61888884e-05 6.86576798e-05 5.56483701e-05 3.89552676e-05 2.00099950e-05 0.00000000e+00
 0.00000000e+00 4.72606989e-06 9.50358086e-06 1.43757612e-05 1.93690579e-05 2.44838691e-05 2.96842557e-05 3.48863492e-05 3.99452182e-05 4.46400230e-05 4.86573610e-05 5.15728025e-05 5.28307192e-05 5.17226341e-05 4.73644527e-05 3.86730818e-05 2.43430941e-05 2.82425367e-06 -2.76991312e-05 -6.93259140e-05 -1.24451633e-04 -1.95776500e-04 -2.86306428e-04 -3.99345641e-04 -5.38479406e-04 -7.07545519e-04 -9.10593283e-04 -1.15182895e-03 -1.43554689e-03 -1.76604600e-03 -2.14753156e-03 -2.58400294e-03 -3.07912843e-03 -3.63610891e-03 -4.25753290e-03 -4.94522604e-03 -5.70009902e-03 -6.52199819e-03 -7.40956398e-03 -8.36010256e-03 -9.36947627e-03 -1.04320187e-02 -1.15404803e-02 -1.26860088e-02 -1.38581710e-02 -1.50450178e-02 -1.62331971e-02 -1.74081152e-02 -1.85541474e-02 -1.96548969e-02 -2.06934986e-02 -2.16529633e-02 -2.25165567e-02 -2.32682041e-02 -2.38929111e-02 -2.43771894e-02 -2.47094748e-02 -2.48805216e-02 -2.48837610e-02 -2.47156053e-02 -2.43756841e-02 -2.38669966e-02 -2.31959683e-02 -2.23723994e-02 -2.14092997e-02 -2.03226067e-02 -1.91307907e-02 -1.78543553e-02 -1.65152510e-02 -1.51362227e-02 -1.37401207e-02 -1.23492055e-02 -1.09844821e-02 -9.66509579e-03 -8.40782027e-03 -7.22666339e-03 -6.13260646e-03 -5.13348589e-03 -4.23401544e-03 -3.43593864e-03 -2.73829308e-03 -2.13776257e-03 -1.62908957e-03 -1.20551937e-03 -8.59248748e-04 -5.81855041e-04 -3.64686057e-04 -1.99196732e-04 -7.72237775e-05 8.80513332e-06 6.57266912e-05 9.95572996e-05 1.15461542e-04 1.17765471e-04 1.10005988e-04 9.50079140e-05 7.49812314e-05 5.16322248e-05 2.62836022e-05 0.00000000e+00
 0.00000000e+00 5.92513240e-06 1.19435079e-05 1.81405840e-05 2.45858724e-05 3.13240403e-05 3.83649348e-05 4.56722293e-05 5.31504394e-05 6.06301238e-05 6.78511622e-05 7.44441001e-05 7.99096588e-05 8.35966340e-05 8.46785437e-05 8.21295338e-05 7.47002029e-05 6.08941687e-05 3.89463472e-05 6.80406808e-06 -3.78877259e-05 -9.77958363e-05 -1.75901291e-04 -2.75493481e-04 -4.00154487e-04 -5.53732215e-04 -7.40301058e-04 -9.64109035e-04 -1.22951060e-03 -1.54088466e-03 -1.90253788e-03 -2.31859355e-03 -2.79286736e-03 -3.32873147e-03 -3.92896950e-03 -4.59562522e-03 -5.32984888e-03 -6.13174535e-03 -7.00022913e-03 -7.93289143e-03 -8.92588518e-03 -9.97383364e-03 -1.10697684e-02 -1.22051022e-02 -1.33696416e-02 -1.45516439e-02 -1.57379203e-02 -1.69139898e-02 -1.80642819e-02 -1.91723887e-02 -2.02213639e-02 -2.11940637e-02 -2.20735245e-02 -2.28433687e-02 -2.34882301e-02 -2.39941858e-02 -2.43491843e-02 -2.45434535e-02 -2.45698742e-02 -2.44243033e-02 -2.41058308e-02 -2.36169539e-02 -2.29636561e-02 -2.21553768e-02 -2.12048659e-02 -2.01279162e-02 -1.89429790e-02 -1.76706680e-02 -1.63331687e-02 -1.49535750e-02 -1.35551809e-02 -1.21607608e-02 -1.07918744e-02 -9.46822986e-03 -8.20714082e-03 -7.02310158e-03 -5.92750164e-03 -4.92848847e-03 -4.03097834e-03 -3.23680532e-03 -2.54498963e-03 -1.95210065e-03 -1.45268530e-03 -1.03973182e-03 -7.05139664e-04 -4.40169857e-04 -2.35854724e-04 -8.33517284e-05 2.57680253e-05 9.93004604e-05 1.44257419e-04 1.66779026e-04 1.72102151e-04 1.64576102e-04 1.47716231e-04 1.24286455e-04 9.64027216e-05 6.56507388e-05 3.32128060e-05 0.00000000e+00
 0.00000000e+00 7.26869101e-06 1.46781020e-05 2.23616934e-05 3.04380107e-05 3.90022496e-05 4.81166820e-05 5.77996253e-05 6.80126837e-05 7.86460634e-05 8.95018421e-05 1.00275171e-04 1.10533504e-04 1.19694072e-04 1.26999962e-04 1.31495315e-04 1.32000307e-04 1.27086738e-04 1.15055219e-04 9.39150676e-05 6.13681967e-05 1.47983311e-05 -4.87329868e-05 -1.32482140e-04 -2.40009456e-04 -3.75154110e-04 -5.41996626e-04 -7.44807899e-04 -9.87983920e-04 -1.27596570e-03 -1.61314438e-03 -2.00375179e-03 -2.45173769e-03 -2.96063494e-03 -3.53341514e-03 -4.17233737e-03 -4.87879384e-03 -5.65315652e-03 -6.49462963e-03 -7.40111317e-03 -8.36908330e-03 -9.39349516e-03 -1.04677141e-02 -1.15834808e-02 -1.27309155e-02 -1.38985653e-02 -1.50734991e-02 -1.62414511e-02 -1.73870148e-02 -1.84938873e-02 -1.95451605e-02 -2.05236568e-02 -2.14123026e-02 -2.21945328e-02 -2.28547166e-02 -2.33785941e-02 -2.37537104e-02 -2.39698342e-02 -2.40193445e-02 -2.38975706e-02 -2.36030672e-02 -2.31378109e-02 -2.25073000e-02 -2.17205472e-02 -2.07899538e-02 -1.97310601e-02 -1.85621731e-02 -1.73038781e-02 -1.59784476e-02 -1.46091711e-02 -1.32196325e-02 -1.18329696e-02 -1.04711528e-02 -9.15432100e-03 -7.90020781e-03 -6.72369007e-03 -5.63647821e-03 -4.64696077e-03 -3.76020394e-03 -2.97809635e-03 -2.29962056e-03 -1.72122528e-03 -1.23726822e-03 -8.40497490e-04 -5.22540978e-04 -2.74376093e-04 -8.67575867e-05 4.94130087e-05 1.42786444e-04 2.01337496e-04 2.32208433e-04 2.41619187e-04 2.34836398e-04 2.16191902e-04 1.89140757e-04 1.56349262e-04 1.19804527e-04 8.09385639e-05 4.07614921e-05 0.00000000e+00
 0.00000000e+00 8.75815344e-06 1.77102731e-05 2.70436915e-05 3.69320556e-05 4.75274497e-05 5.89513139e-05 7.12838180e-05 8.45514038e-05 9.87122802e-05 1.13639737e-04 1.29103249e-04 1.44747452e-04 1.60069210e-04 1.74393134e-04 1.86846061e-04 1.96331171e-04 2.01502569e-04 2.00741337e-04 1.92134173e-04 1.73455900e-04 1.42157201e-04 9.53590419e-05 2.98552440e-05 -5.78753180e-05 -1.71645492e-04 -3.15524319e-04 -4.93788107e-04 -7.10857264e-04 -9.71218386e-04 -1.27933148e-03 -1.63952267e-03 -2.05586329e-03 -2.53203680e-03 -3.07119570e-03 -3.67581113e-03 -4.34751862e-03 -5.08696413e-03 -5.89365497e-03 -6.76582071e-03 -7.70028975e-03 -8.69238729e-03 -9.73586034e-03 -1.08228356e-02 -1.19438152e-02 -1.30877155e-02 -1.42419514e-02 -1.53925701e-02 -1.65244354e-02 -1.76214616e-02 -1.86668958e-02 -1.96436459e-02 -2.05346476e-02 -2.13232642e-02 -2.19937109e-02 -2.25314917e-02 -2.29238375e-02 -2.31601321e-02 -2.32323092e-02 -2.31352065e-02 -2.28668586e-02 -2.24287119e-02 -2.18257473e-02 -2.10664940e-02 -2.01629250e-02 -1.91302272e-02 -1.79864439e-02 -1.67519965e-02 -1.54490977e-02 -1.41010777e-02 -1.27316521e-02 -1.13641647e-02 -1.00208458e-02 -8.72212185e-03 -7.48601701e-03 -6.32767603e-03 -5.25903284e-03 -4.28863800e-03 -3.42164723e-03 -2.65996173e-03 -2.00250183e-03 -1.44558707e-03 -9.83391584e-04 -6.08441250e-04 -3.12120262e-04 -8.51582016e-05 8.19261539e-05 1.98441692e-04 2.73213284e-04 3.14346048e-04 3.29064567e-04 3.23621781e-04 3.03269258e-04 2.72278894e-04 2.34005531e-04 1.90980473e-04 1.45026981e-04 9.73904124e-05 4.88773833e-05 0.00000000e+00
 0.00000000e+00 1.03921164e-05 2.10372152e-05 3.21823716e-05 4.40624024e-05 5.68926424e-05 7.08604436e-05 8.61150357e-05 1.02755442e-04 1.20816215e-04 1.40250846e-04 1.60912807e-04 1.82534295e-04 2.04702904e-04 2.26836571e-04 2.48157316e-04 2.67664465e-04 2.84108178e-04 2.95964309e-04 3.01411720e-04 2.98313339e-04 2.84202351e-04 2.56274941e-04 2.11391108e-04 1.46084991e-04 5.65861185e-05 -6.11471358e-05 -2.11380806e-04 -3.98544444e-04 -6.27155550e-04 -9.01729200e-04 -1.22667314e-03 -1.60616921e-03 -2.04404240e-03 -2.54361967e-03 -3.10758099e-03 -3.73780604e-03 -4.43522042e-03 -5.19964583e-03 -6.02965936e-03 -6.92246712e-03 -7.87379805e-03 -8.87782358e-03 -9.92710876e-03 -1.10126001e-02 -1.21236551e-02 -1.32481169e-02 -1.43724371e-02 -1.54818492e-02 -1.65605910e-02 -1.75921769e-02 -1.85597153e-02 -1.94462669e-02 -2.02352380e-02 -2.09107995e-02 -2.14583216e-02 -2.18648133e-02 -2.21193518e-02 -2.22134883e-02 -2.21416131e-02 -2.19012635e-02 -2.14933572e-02 -2.09223351e-02 -2.01961968e-02 -1.93264181e-02 -1.83277409e-02 -1.72178332e-02 -1.60168237e-02 -1.47467220e-02 -1.34307463e-02 -1.20925848e-02 -1.07556280e-02 -9.44220851e-03 -8.17289188e-03 -6.96585507e-03 -5.83638786e-03 -4.79654204e-03 -3.85494347e-03 -3.01677036e-03 -2.28388924e-03 -1.65512991e-03 -1.12667206e-03 -6.92511345e-04 -3.44969987e-04 -7.52182240e-05 1.26223782e-04 2.69028503e-04 3.62666406e-04 4.16085472e-04 4.37469634e-04 4.34075081e-04 4.12138881e-04 3.76851191e-04 3.32380566e-04 2.81941350e-04 2.27892611e-04 1.71859329e-04 1.14868185e-04 5.74921684e-05 0.00000000e+00
 0.00000000e+00 1.21659945e-05 2.46496508e-05 3.77635489e-05 5.18096348e-05 6.70727424e-05 8.38127615e-05 1.02255064e-04 1.22578864e-04 1.44903251e-04 1.69270742e-04 1.95628287e-04 2.23805805e-04 2.53492454e-04 2.84210985e-04 3.15290720e-04 3.45839819e-04 3.74717707e-04 4.00508656e-04 4.21497700e-04 4.35650165e-04 4.40596196e-04 4.33621760e-04 4.11667591e-04 3.71337556e-04 3.08917849e-04 2.20408265e-04 1.01566671e-04 -5.20324914e-05 -2.44925144e-04 -4.81669763e-04 -7.66745111e-04 -1.10443426e-03 -1.49869621e-03 -1.95302698e-03 -2.47031277e-03 -3.05267809e-03 -3.70133294e-03 -4.41642310e-03 -5.19688847e-03 -6.04033471e-03 -6.94292376e-03 -7.89928879e-03 -8.90247923e-03 -9.94394115e-03 -1.10135378e-02 -1.20996144e-02 -1.31891100e-02 -1.42677187e-02 -1.53201004e-02 -1.63301407e-02 -1.72812565e-02 -1.81567438e-02 -1.89401614e-02 -1.96157424e-02 -2.01688243e-02 -2.05862860e-02 -2.08569793e-02 -2.09721394e-02 -2.09257592e-02 -2.07149098e-02 -2.03399906e-02 -1.98048905e-02 -1.91170449e-02 -1.82873742e-02 -1.73300953e-02 -1.62623998e-02 -1.51040034e-02 -1.38765773e-02 -1.26030792e-02 -1.13070143e-02 -1.00116595e-02 -8.73929211e-03 -7.51046374e-03 -6.34336171e-03 -5.25329218e-03 -4.25231307e-03 -3.34903293e-03 -2.54858024e-03 -1.85273536e-03 -1.26020626e-03 -7.67020420e-04 -3.66999592e-04 -5.22815885e-05 1.86146051e-04 3.57932009e-04 4.72892765e-04 5.40608898e-04 5.70098003e-04 5.69569125e-04 5.46257626e-04 5.06334638e-04 4.54881946e-04 3.95921326e-04 3.32486831e-04 2.66729037e-04 2.00041600e-04 1.33202223e-04 6.65221328e-05 0.00000000e+00
 0.00000000e+00 1.40717053e-05 2.85311878e-05 4.37620654e-05 6.01391379e-05 7.80227463e-05 9.77516931e-05 1.19634312e-04 1.43937337e-04 1.70872289e-04 2.00579210e-04 2.33107661e-04 2.68395054e-04 3.06242506e-04 3.46288593e-04 3.87981502e-04 4.30550298e-04 4.72976160e-04 5.13964613e-04 5.51919940e-04 5.84923071e-04 6.10714364e-04 6.26682739e-04 6.29862666e-04 6.16940478e-04 5.84271404e-04 5.27908595e-04 4.43645235e-04 3.27070553e-04 1.73640314e-04 -2.12380877e-05 -2.62106125e-04 -5.53340984e-04 -8.99029974e-04 -1.30283431e-03 -1.76784463e-03 -2.29643132e-03 -2.89009305e-03 -3.54930791e-03 -4.27339160e-03 -5.06036779e-03 -5.90685612e-03 -6.80798318e-03 -7.75732216e-03 -8.74686619e-03 -9.76704042e-03 -1.08067567e-02 -1.18535146e-02 -1.28935499e-02 -1.39120329e-02 -1.48933144e-02 -1.58212190e-02 -1.66793792e-02 -1.74516087e-02 -1.81223034e-02 -1.86768647e-02 -1.91021316e-02 -1.93868110e-02 -1.95218909e-02 -1.95010210e-02 -1.93208438e-02 -1.89812591e-02 -1.84856021e-02 -1.78407204e-02 -1.70569339e-02 -1.61478664e-02 -1.51301440e-02 -1.40229611e-02 -1.28475239e-02 -1.16263900e-02 -1.03827310e-02 -9.13955486e-03 -7.91892611e-03 -6.74122973e-03 -5.62451882e-03 -4.58398425e-03 -3.63157464e-03 -2.77578478e-03 -2.02161767e-03 -1.37071311e-03 -8.21623880e-04 -3.70211705e-04 -1.01288641e-05 2.66651387e-04 4.69291679e-04 6.07567272e-04 6.91389510e-04 7.30395764e-04 7.33618093e-04 7.09235681e-04 6.64409847e-04 6.05195478e-04 5.36519347e-04 4.62213885e-04 3.85094445e-04 3.07068679e-04 2.29268085e-04 1.52193605e-04 7.58692949e-05 0.00000000e+00
 0.00000000e+00 1.60974342e-05 3.26578390e-05 5.01410407e-05 6.90000485e-05 8.96763368e-05 1.12593600e-04 1.38149538e-04 1.66705296e-04 1.98572257e-04 2.33995993e-04 2.73137274e-04 3.16050200e-04 3.62657636e-04 4.12724310e-04 4.65828106e-04 5.21330253e-04 5.78345289e-04 6.35711838e-04 6.91965413e-04 7.45314552e-04 7.93621724e-04 8.34390485e-04 8.64760392e-04 8.81511162e-04 8.81077459e-04 8.59575593e-04 8.12843192e-04 7.36492698e-04 6.25979189e-04 4.76682735e-04 2.84005028e-04 4.34796099e-05 -2.49105485e-04 -5.97574402e-04 -1.00522173e-03 -1.47466519e-03 -2.00769623e-03 -2.60513240e-03 -3.26667600e-03 -3.99078392e-03 -4.77455378e-03 -5.61363167e-03 -6.50214699e-03 -7.43267943e-03 -8.39626289e-03 -9.38243057e-03 -1.03793045e-02 -1.13737320e-02 -1.23514702e-02 -1.32974179e-02 -1.41958943e-02 -1.50309599e-02 -1.57867755e-02 -1.64479927e-02 -1.70001665e-02 -1.74301814e-02 -1.77266779e-02 -1.78804655e-02 -1.78849076e-02 -1.77362609e-02 -1.74339514e-02 -1.69807686e-02 -1.63829605e-02 -1.56502130e-02 -1.47955029e-02 -1.38348150e-02 -1.27867267e-02 -1.16718652e-02 -1.05122582e-02 -9.33060272e-03 -8.14948785e-03 -6.99061348e-03 -5.87404745e-03 -4.81756527e-03 -3.83611051e-03 -2.94140598e-03 -2.14173469e-03 -1.44189679e-03 -8.43335694e-04 -3.44414685e-04 5.91841513e-05 3.73973432e-04 6.08123908e-04 7.70914800e-04 8.72204431e-04 9.21948626e-04 9.29787134e-04 9.04710575e-04 8.54812978e-04 7.87128583e-04 7.07546453e-04 6.20792992e-04 5.30470515e-04 4.39139524e-04 3.48432986e-04 2.59192407e-04 1.71617445e-04 8.54230333e-05 0.00000000e+00
 0.00000000e+00 1.82275014e-05 3.69977469e-05 5.68514399e-05 7.83246401e-05 1.01945052e-04 1.28226690e-04 1.57662447e-04 1.90714162e-04 2.27799871e-04 2.69277995e-04 3.15428392e-04 3.66430281e-04 4.22337230e-04 4.83049579e-04 5.48284805e-04 6.17546558e-04 6.90093261e-04 7.64907333e-04 8.40666252e-04 9.15716819e-04 9.88054057e-04 1.05530626e-03 1.11472773e-03 1.16320064e-03 1.19724752e-03 1.21305552e-03 1.20651364e-03 1.17326359e-03 1.10876502e-03 1.00837505e-03 8.67442048e-04 6.81412872e-04 4.45952523e-04 1.57074467e-04 -1.88720518e-04 -5.94299708e-04 -1.06175128e-03 -1.59223840e-03 -2.18585888e-03 -2.84151493e-03 -3.55679806e-03 -4.32789432e-03 -5.14951487e-03 -6.01485717e-03 -6.91560128e-03 -7.84194559e-03 -8.78268540e-03 -9.72533676e-03 -1.06563071e-02 -1.15611130e-02 -1.24246428e-02 -1.32314634e-02 -1.39661641e-02 -1.46137339e-02 -1.51599633e-02 -1.55918614e-02 -1.58980759e-02 -1.60693052e-02 -1.60986842e-02 -1.59821301e-02 -1.57186277e-02 -1.53104374e-02 -1.47632062e-02 -1.40859662e-02 -1.32910060e-02 -1.23936081e-02 -1.14116511e-02 -1.03650833e-02 -9.27528529e-03 -8.16434864e-03 -7.05430400e-03 -5.96634150e-03 -4.92006711e-03 -3.93283924e-03 -3.01922475e-03 -2.19060559e-03 -1.45495580e-03 -8.16795662e-04 -2.77316652e-04 1.65341412e-04 5.15689518e-04 7.80399917e-04 9.67765991e-04 1.08714910e-03 1.14844631e-03 1.16160693e-03 1.13621840e-03 1.08117412e-03 1.00442832e-03 9.12836301e-04 8.12073425e-04 7.06622598e-04 5.99817941e-04 4.93932072e-04 3.90294970e-04 2.89434053e-04 1.91227130e-04 9.50621705e-05 0.00000000e+00
 0.00000000e+00 2.04423500e-05 4.15111575e-05 6.38320228e-05 8.80282345e-05 1.14718140e-04 1.44510788e-04 1.77999345e-04 2.15751845e-04 2.58298931e-04 3.06118327e-04 3.59615925e-04 4.19103511e-04 4.84773289e-04 5.56669576e-04 6.34658190e-04 7.18394255e-04 8.07289342e-04 9.00479018e-04 9.96792065e-04 1.09472272e-03 1.19240746e-03 1.28760779e-03 1.37770066e-03 1.45967797e-03 1.53015661e-03 1.58540028e-03 1.62135412e-03 1.63369309e-03 1.61788441e-03 1.56926443e-03 1.48312953e-03 1.35484045e-03 1.17993893e-03 9.54275041e-04 6.74143114e-04 3.36423571e-04 -6.12723548e-05 -5.20458708e-04 -1.04163572e-03 -1.62415998e-03 -2.26612865e-03 -2.96428256e-03 -3.71393326e-03 -4.50891891e-03 -5.34159348e-03 -6.20285361e-03 -7.08220641e-03 -7.96788102e-03 -8.84698547e-03 -9.70570923e-03 -1.05295709e-02 -1.13037082e-02 -1.20132074e-02 -1.26434658e-02 -1.31805808e-02 -1.36117564e-02 -1.39257164e-02 -1.41131117e-02 -1.41669064e-02 -1.40827267e-02 -1.38591542e-02 -1.34979447e-02 -1.30041537e-02 -1.23861506e-02 -1.16555094e-02 -1.08267635e-02 -9.91702631e-03 -8.94548114e-03 -7.93275884e-03 -6.90022771e-03 -5.86923128e-03 -4.86031485e-03 -3.89248600e-03 -2.98255311e-03 -2.14458217e-03 -1.38950333e-03 -7.24887595e-04 -1.54900839e-04 3.19570917e-04 7.00643658e-04 9.93033437e-04 1.20356565e-03 1.34063393e-03 1.41364661e-03 1.43249476e-03 1.40707022e-03 1.34685394e-03 1.26058738e-03 1.15603190e-03 1.03981413e-03 9.17350534e-04 7.92840520e-04 6.69315499e-04 5.48731065e-04 4.32090090e-04 3.19586215e-04 2.10759391e-04 1.04657460e-04 0.00000000e+00
 0.00000000e+00 2.27186745e-05 4.61506756e-05 7.10097264e-05 9.80097115e-05 1.27863193e-04 1.61278095e-04 1.98952020e-04 2.41563731e-04 2.89761419e-04 3.44147479e-04 4.05259657e-04 4.73548562e-04 5.49351708e-04 6.32864450e-04 7.24108326e-04 8.22897569e-04 9.28804688e-04 1.04112625e-03 1.15885010e-03 1.28062550e-03 1.40473762e-03 1.52908795e-03 1.65118228e-03 1.76812775e-03 1.87664029e-03 1.97306397e-03 2.05340303e-03 2.11336766e-03 2.14843381e-03 2.15391737e-03 2.12506226e-03 2.05714198e-03 1.94557332e-03 1.78604078e-03 1.57462960e-03 1.30796486e-03 9.83353666e-04 5.98926993e-04 1.53777265e-04 -3.51912507e-04 -9.16752555e-04 -1.53804787e-03 -2.21172216e-03 -2.93226892e-03 -3.69273420e-03 -4.48473496e-03 -5.29851664e-03 -6.12305272e-03 -6.94618791e-03 -7.75482597e-03 -8.53516150e-03 -9.27295410e-03 -9.95384160e-03 -1.05636876e-02 -1.10889567e-02 -1.15171098e-02 -1.18370082e-02 -1.20393151e-02 -1.21168796e-02 -1.20650871e-02 -1.18821582e-02 -1.15693754e-02 -1.11312213e-02 -1.05754065e-02 -9.91277617e-03 -9.15708264e-03 -8.32462250e-03 -7.43374386e-03 -6.50423938e-03 -5.55665068e-03 -4.61151854e-03 -3.68862018e-03 -2.80623859e-03 -1.98050833e-03 -1.22487811e-03 -5.49721827e-04 3.78811451e-05 5.34189301e-04 9.38671890e-04 1.25372999e-03 1.48429429e-03 1.63733505e-03 1.72132258e-03 1.74567636e-03 1.72023681e-03 1.65478795e-03 1.55865134e-03 1.44036372e-03 1.30744300e-03 1.16624049e-03 1.02187214e-03 8.78217816e-04 7.37976035e-04 6.02760841e-04 4.73228690e-04 3.49224714e-04 2.29940063e-04 1.14074408e-04 0.00000000e+00
 0.00000000e+00 2.50296977e-05 5.08618240e-05 7.83005178e-05 1.08152669e-04 1.41227636e-04 1.78335027e-04 2.20279958e-04 2.67855311e-04 3.21830559e-04 3.82936869e-04 4.51848316e-04 5.29159178e-04 6.15357485e-04 7.10795149e-04 8.15655231e-04 9.29917068e-04 1.05332023e-03 1.18532841e-03 1.32509461e-03 1.47142893e-03 1.62277074e-03 1.77716658e-03 1.93225557e-03 2.08526383e-03 2.23300939e-03 2.37191885e-03 2.49805689e-03 2.60716935e-03 2.69474057e-03 2.75606482e-03 2.78633183e-03 2.78072556e-03 2.73453521e-03 2.64327686e-03 2.50282374e-03 2.30954269e-03 2.06043394e-03 1.75327080e-03 1.38673572e-03 9.60548569e-04 4.75582915e-04 -6.60342134e-05 -6.60843602e-04 -1.30400068e-03 -1.98925220e-03 -2.70894681e-03 -3.45408285e-03 -4.21439639e-03 -4.97849125e-03 -5.73401232e-03 -6.46786184e-03 -7.16645751e-03 -7.81602969e-03 -8.40295352e-03 -8.91411014e-03 -9.33726936e-03 -9.66148402e-03 -9.87748441e-03 -9.97805847e-03 -9.95840171e-03 -9.81641868e-03 -9.55295664e-03 -9.17195195e-03 -8.68047065e-03 -8.08862803e-03 -7.40937667e-03 -6.65815968e-03 -5.85243456e-03 -5.01108280e-03 -4.15373057e-03 -3.30001454e-03 -2.46883386e-03 -1.67763308e-03 -9.41760255e-04 -2.73940309e-04 3.16104706e-04 8.21868025e-04 1.24009601e-03 1.57065756e-03 1.81626376e-03 1.98206620e-03 2.07516931e-03 2.10409510e-03 2.07823791e-03 2.00734321e-03 1.90103813e-03 1.76843401e-03 1.61781278e-03 1.45640175e-03 1.29023420e-03 1.12408826e-03 9.61493021e-04 8.04788904e-04 6.55229074e-04 5.13109586e-04 3.77917731e-04 2.48490346e-04 1.23176339e-04 0.00000000e+00
 0.00000000e+00 2.73456017e-05 5.55839172e-05 8.56107294e-05 1.18327252e-04 1.54641094e-04 1.95465171e-04 2.41713952e-04 2.94296519e-04 3.54105975e-04 4.22004901e-04 4.98806633e-04 5.85252354e-04 6.81984125e-04 7.89514196e-04 9.08191138e-04 1.03816355e-03 1.17934231e-03 1.33136252e-03 1.49354646e-03 1.66486911e-03 1.84392772e-03 2.02891715e-03 2.21761262e-03 2.40736144e-03 2.59508520e-03 2.77729381e-03 2.95011236e-03 3.10932166e-03 3.25041296e-03 3.36865693e-03 3.45918658e-03 3.51709354e-03 3.53753648e-03 3.51586023e-03 3.44772343e-03 3.32923264e-03 3.15707973e-03 2.92867967e-03 2.64230501e-03 2.29721330e-03 1.89376334e-03 1.43351596e-03 9.19315128e-04 3.55344943e-04 -2.52841555e-04 -8.98325620e-04 -1.57286155e-03 -2.26695374e-03 -2.96997432e-03 -3.67032235e-03 -4.35562528e-03 -5.01298133e-03 -5.62924101e-03 -6.19132387e-03 -6.68656550e-03 -7.10308738e-03 -7.43018069e-03 -7.65869249e-03 -7.78140062e-03 -7.79336129e-03 -7.69221116e-03 -7.47840467e-03 -7.15536672e-03 -6.72954223e-03 -6.21032666e-03 -5.60986715e-03 -4.94273040e-03 -4.22544247e-03 -3.47591562e-03 -2.71278684e-03 -1.95470208e-03 -1.21958681e-03 -5.23946976e-04 1.17755701e-04 6.93614654e-04 1.19464457e-03 1.61498270e-03 1.95191848e-03 2.20575791e-03 2.37954144e-03 2.47864353e-03 2.51028929e-03 2.48302583e-03 2.40618575e-03 2.28937604e-03 2.14201975e-03 1.97296983e-03 1.79020691e-03 1.60062472e-03 1.40990048e-03 1.22244235e-03 1.04140272e-03 8.68744320e-04 7.05345755e-04 5.51134397e-04 4.05236053e-04 2.66133403e-04 1.31827621e-04 0.00000000e+00
 0.00000000e+00 2.96341094e-05 6.02512394e-05 9.28388683e-05 1.28392645e-04 1.67918627e-04 2.12433353e-04 2.62961103e-04 3.20527777e-04 3.86150921e-04 4.60825530e-04 5.45505424e-04 6.41080120e-04 7.48347346e-04 8.67981515e-04 1.00049870e-03 1.14621888e-03 1.30522643e-03 1.47733006e-03 1.66202350e-03 1.85844860e-03 2.06536229e-03 2.28110927e-03 2.50360195e-03 2.73030945e-03 2.95825709e-03 3.18403765e-03 3.40383565e-03 3.61346536e-03 3.80842297e-03 3.98395314e-03 4.13512961e-03 4.25694904e-03 4.34443713e-03 4.39276533e-03 4.39737637e-03 4.35411594e-03 4.25936820e-03 4.11019168e-03 3.90445239e-03 3.64095041e-03 3.31953603e-03 2.94121148e-03 2.50821406e-03 2.02407667e-03 1.49366155e-03 9.23163796e-04 3.20081031e-04 -3.06853561e-04 -9.47777058e-04 -1.59184300e-03 -2.22740853e-03 -2.84226197e-03 -3.42388917e-03 -3.95977546e-03 -4.43773852e-03 -4.84628546e-03 -5.17498555e-03 -5.41484739e-03 -5.55868720e-03 -5.60147212e-03 -5.54062082e-03 -5.37624168e-03 -5.11128896e-03 -4.75161817e-03 -4.30592488e-03 -3.78555641e-03 -3.20419260e-03 -2.57740086e-03 -1.92208034e-03 -1.25581983e-03 -5.96203005e-04 3.98990444e-05 6.37004442e-04 1.18162341e-03 1.66274892e-03 2.07220483e-03 2.40483260e-03 2.65851013e-03 2.83400974e-03 2.93471391e-03 2.96621709e-03 2.93584823e-03 2.85215132e-03 2.72436039e-03 2.56190169e-03 2.37394929e-03 2.16905309e-03 1.95485011e-03 1.73786242e-03 1.52337850e-03 1.31541009e-03 1.11671289e-03 9.28858260e-04 7.52342564e-04 5.86722130e-04 4.30763484e-04 2.82601043e-04 1.39896934e-04 0.00000000e+00
 0.00000000e+00 3.18612032e-05 6.47945049e-05 9.98778623e-05 1.38200167e-04 1.80864772e-04 2.28990735e-04 2.83711107e-04 3.46167649e-04 4.17501475e-04 4.98839233e-04 5.91274570e-04 6.95844803e-04 8.13502914e-04 9.45085185e-04 1.09127500e-03 1.25256364e-03 1.42920893e-03 1.62119320e-03 1.82818163e-03 2.04948289e-03 2.28401343e-03 2.53026744e-03 2.78629401e-03 3.04968331e-03 3.31756328e-03 3.58660824e-03 3.85306051e-03 4.11276591e-03 4.36122351e-03 4.59364991e-03 4.80505753e-03 4.99034633e-03 5.14440780e-03 5.26223964e-03 5.33906915e-03 5.37048312e-03 5.35256143e-03 5.28201146e-03 5.15629995e-03 4.97377888e-03 4.73380155e-03 4.43682514e-03 4.08449570e-03 3.67971176e-03 3.22666269e-03 2.73083822e-03 2.19900579e-03 1.63915289e-03 1.06039198e-03 4.72826380e-04 -1.12623655e-04 -6.84434695e-04 -1.23073224e-03 -1.73957858e-03 -2.19929211e-03 -2.59879184e-03 -2.92795879e-03 -3.17800353e-03 -3.34182654e-03 -3.41435567e-03 -3.39284276e-03 -3.27710012e-03 -3.06965713e-03 -2.77581831e-03 -2.40360744e-03 -1.96358729e-03 -1.46855141e-03 -9.33093424e-04 -3.73068703e-04 1.95027076e-04 7.54729387e-04 1.29028697e-03 1.78731215e-03 2.23335759e-03 2.61838231e-03 2.93507804e-03 3.17903810e-03 3.34876322e-03 3.44551189e-03 3.47301388e-03 3.43707522e-03 3.34510834e-03 3.20562420e-03 3.02772155e-03 2.82060516e-03 2.59315822e-03 2.35358686e-03 2.10914708e-03 1.86595667e-03 1.62888865e-03 1.40153798e-03 1.18624993e-03 9.84197072e-04 7.95491976e-04 6.19323560e-04 4.54107097e-04 2.97640307e-04 1.47260485e-04 0.00000000e+00
 0.00000000e+00 3.39919617e-05 6.91425583e-05 1.06617678e-04 1.47596893e-04 1.93278274e-04 2.44880801e-04 3.03643677e-04 3.70821889e-04 4.47677477e-04 5.35466091e-04 6.35418563e-04 7.48717390e-04 8.76468218e-04 1.01966665e-03 1.17916089e-03 1.35561105e-03 1.54944609e-03 1.76081961e-03 1.98956601e-03 2.23515855e-03 2.49667106e-03 2.77274508e-03 3.06156426e-03 3.36083772e-03 3.66779393e-03 3.97918669e-03 4.29131415e-03 4.60005180e-03 4.90089999e-03 5.18904593e-03 5.45943995e-03 5.70688523e-03 5.92613987e-03 6.11202975e-03 6.25957021e-03 6.36409425e-03 6.42138465e-03 6.42780701e-03 6.38044068e-03 6.27720401e-03 6.11697046e-03 5.89967189e-03 5.62638528e-03 5.29939910e-03 4.92225571e-03 4.49976635e-03 4.03799529e-03 3.54421054e-03 3.02679841e-03 2.49514038e-03 1.95945105e-03 1.43057707e-03 9.19758062e-04 4.38351931e-04 -2.47167443e-06 -3.92063639e-04 -7.20645451e-04 -9.79666458e-04 -1.16215522e-03 -1.26304928e-03 -1.27948569e-03 -1.21103292e-03 -1.05984481e-03 -8.30718317e-04 -5.31039963e-04 -1.70610965e-04 2.38651717e-04 6.83132809e-04 1.14803947e-03 1.61800094e-03 2.07771443e-03 2.51259889e-03 2.90941537e-03 3.25681368e-03 3.54576994e-03 3.76988777e-03 3.92554647e-03 4.01189200e-03 4.03067877e-03 3.98598118e-03 3.88380254e-03 3.73161483e-03 3.53786447e-03 3.31147856e-03 3.06140173e-03 2.79618776e-03 2.52366288e-03 2.25067001e-03 1.98289599e-03 1.72477796e-03 1.47948025e-03 1.24893034e-03 1.03390096e-03 8.34125460e-04 6.48434893e-04 4.74906968e-04 3.11019714e-04 1.53805061e-04 0.00000000e+00
 0.00000000e+00 3.59914845e-05 7.32242559e-05 1.12948222e-04 1.56429674e-04 2.04957358e-04 2.59846045e-04 3.22436847e-04 3.94093618e-04 4.76194844e-04 5.70120584e-04 6.77234160e-04 7.98858460e-04 9.36246946e-04 1.09054965e-03 1.26277472e-03 1.45374624e-03 1.66405949e-03 1.89403466e-03 2.14367080e-03 2.41260142e-03 2.70005352e-03 3.00481210e-03 3.32519173e-03 3.65901711e-03 4.00361436e-03 4.35581420e-03 4.71196857e-03 5.06798122e-03 5.41935299e-03 5.76124177e-03 6.08853680e-03 6.39594668e-03 6.67809967e-03 6.92965502e-03 7.14542317e-03 7.32049251e-03 7.45036031e-03 7.53106464e-03 7.55931454e-03 7.53261479e-03 7.44938212e-03 7.30904919e-03 7.11215281e-03 6.86040273e-03 6.55672766e-03 6.20529490e-03 5.81150056e-03 5.38192748e-03 4.92426836e-03 4.44721221e-03 3.96029281e-03 3.47369899e-03 2.99804732e-03 2.54411934e-03 2.12256705e-03 1.74359234e-03 1.41660827e-03 1.14989260e-03 9.50246651e-04 8.22674853e-04 7.70102778e-04 7.93152420e-04 8.89993868e-04 1.05629101e-03 1.28525567e-03 1.56781934e-03 1.89292470e-03 2.24793057e-03 2.61911497e-03 2.99225173e-03 3.35322889e-03 3.68867121e-03 3.98652732e-03 4.23658281e-03 4.43086610e-03 4.56392134e-03 4.63293381e-03 4.63770464e-03 4.58048348e-03 4.46567830e-03 4.29946963e-03 4.08936143e-03 3.84370283e-03 3.57121360e-03 3.28054199e-03 2.97987777e-03 2.67663613e-03 2.37722063e-03 2.08686686e-03 1.80956213e-03 1.54803289e-03 1.30378801e-03 1.07720553e-03 8.67650163e-04 6.73610286e-04 4.92845087e-04 3.22534972e-04 1.59430813e-04 0.00000000e+00
 0.00000000e+00 3.78258706e-05 7.69704585e-05 1.18762421e-04 1.64549405e-04 2.15705336e-04 2.73635102e-04 3.39775857e-04 4.15594230e-04 5.02578830e-04 6.02227573e-04 7.16029497e-04 8.45440916e-04 9.91855977e-04 1.15657190e-03 1.34074945e-03 1.54536942e-03 1.77118611e-03 2.01867927e-03 2.28800575e-03 2.57895272e-03 2.89089426e-03 3.22275315e-03 3.57296981e-03 3.93948017e-03 4.31970431e-03 4.71054714e-03 5.10841258e-03 5.50923190e-03 5.90850693e-03 6.30136808e-03 6.68264689e-03 7.04696237e-03 7.38881989e-03 7.70272110e-03 7.98328288e-03 8.22536292e-03 8.42418963e-03 8.57549326e-03 8.67563531e-03 8.72173304e-03 8.71177578e-03 8.64472946e-03 8.52062616e-03 8.34063496e-03 8.10711093e-03 7.82361876e-03 7.49492808e-03 7.12697752e-03 6.72680507e-03 6.30244271e-03 5.86277407e-03 5.41735443e-03 4.97619385e-03 4.54950523e-03 4.14742082e-03 3.77968296e-03 3.45531671e-03 3.18229477e-03 2.96720762e-03 2.81495438e-03 2.72847147e-03 2.70851791e-03 2.75353545e-03 2.85960063e-03 3.02048212e-03 3.22781149e-03 3.47136876e-03 3.73947548e-03 4.01947980e-03 4.29830894e-03 4.56305805e-03 4.80157902e-03 5.00303148e-03 5.15835944e-03 5.26066260e-03 5.30543884e-03 5.29068514e-03 5.21685502e-03 5.08668207e-03 4.90488872e-03 4.67780684e-03 4.41294157e-03 4.11851105e-03 3.80299318e-03 3.47470649e-03 3.14144649e-03 2.81019149e-03 2.48688559e-03 2.17629920e-03 1.88196262e-03 1.60616366e-03 1.34999816e-03 1.11346068e-03 8.95563504e-04 6.94472790e-04 5.07653140e-04 3.32013968e-04 1.64053695e-04 0.00000000e+00
 0.00000000e+00 3.94632115e-05 8.03160533e-05 1.23959347e-04 1.71815375e-04 2.25336327e-04 2.86010044e-04 3.55362265e-04 4.34954612e-04 5.26377693e-04 6.31238813e-04 7.51143919e-04 8.87673644e-04 1.04235345e-03 1.21661819e-03 1.41177156e-03 1.62894132e-03 1.86903126e-03 2.13267120e-03 2.42016669e-03 2.73144999e-03 3.06603421e-03 3.42297266e-03 3.80082522e-03 4.19763374e-03 4.61090810e-03 5.03762460e-03 5.47423779e-03 5.91670678e-03 6.36053647e-03 6.80083377e-03 7.23237857e-03 7.64970867e-03 8.04721728e-03 8.41926183e-03 8.76028173e-03 9.06492311e-03 9.32816774e-03 9.54546346e-03 9.71285309e-03 9.82709861e-03 9.88579744e-03 9.88748755e-03 9.83173789e-03 9.71922095e-03 9.55176405e-03 9.33237624e-03 9.06524764e-03 8.75571856e-03 8.41021568e-03 8.03615359e-03 7.64179992e-03 7.23610381e-03 6.82848802e-03 6.42860666e-03 6.04607199e-03 5.69015603e-03 5.36947464e-03 5.09166449e-03 4.86306590e-03 4.68842657e-03 4.57064334e-03 4.51055992e-03 4.50683834e-03 4.55591986e-03 4.65208784e-03 4.78763935e-03 4.95316584e-03 5.13793471e-03 5.33035581e-03 5.51850868e-03 5.69069997e-03 5.83601630e-03 5.94483664e-03 6.00927023e-03 6.02349117e-03 5.98394889e-03 5.88944352e-03 5.74106584e-03 5.54201186e-03 5.29729141e-03 5.01335657e-03 4.69768011e-03 4.35831499e-03 4.00346432e-03 3.64108695e-03 3.27855847e-03 2.92240024e-03 2.57808294e-03 2.24990453e-03 1.94093759e-03 1.65303706e-03 1.38689728e-03 1.14214625e-03 9.17465224e-04 7.10723361e-04 5.19118909e-04 3.39320870e-04 1.67607465e-04 0.00000000e+00
 0.00000000e+00 4.08745537e-05 8.32019191e-05 1.28447261e-04 1.78099503e-04 2.33680848e-04 2.96753521e-04 3.68922890e-04 4.51836192e-04 5.47176204e-04 6.56649326e-04 7.81967687e-04 9.24825091e-04 1.08686682e-03 1.26965359e-03 1.47462010e-03 1.70302912e-03 1.95592199e-03 2.23406702e-03 2.53790729e-03 2.86750954e-03 3.22251618e-03 3.60210232e-03 4.00493980e-03 4.42917027e-03 4.87238897e-03 5.33164092e-03 5.80343068e-03 6.28374674e-03 6.76810091e-03 7.25158303e-03 7.72893046e-03 8.19461163e-03 8.64292251e-03 9.06809424e-03 9.46441000e-03 9.82632885e-03 1.01486139e-02 1.04264619e-02 1.06556320e-02 1.08325691e-02 1.09545203e-02 1.10196403e-02 1.10270819e-02 1.09770705e-02 1.08709563e-02 1.07112441e-02 1.05015953e-02 1.02468010e-02 9.95272266e-03 9.62619910e-03 9.27491770e-03 8.90724989e-03 8.53205098e-03 8.15842655e-03 7.79546895e-03 7.45196944e-03 7.13611404e-03 6.85517345e-03 6.61519980e-03 6.42074516e-03 6.27461856e-03 6.17769860e-03 6.12881851e-03 6.12473829e-03 6.16021489e-03 6.22817605e-03 6.31999665e-03 6.42586884e-03 6.53524933e-03 6.63735996e-03 6.72171206e-03 6.77862151e-03 6.79968050e-03 6.77815492e-03 6.70928094e-03 6.59044246e-03 6.42122064e-03 6.20331648e-03 5.94035721e-03 5.63760587e-03 5.30159900e-03 4.93974128e-03 4.55988648e-03 4.16993211e-03 3.77745112e-03 3.38937854e-03 3.01176446e-03 2.64959855e-03 2.30670549e-03 1.98570580e-03 1.68803332e-03 1.41399818e-03 1.16288381e-03 9.33066483e-04 7.22147656e-04 5.27091103e-04 3.44359214e-04 1.70045188e-04 0.00000000e+00
 0.00000000e+00 4.20347918e-05 8.55767469e-05 1.32146437e-04 1.83290276e-04 2.40591026e-04 3.05675442e-04 3.80218206e-04 4.65941332e-04 5.64608381e-04 6.78012897e-04 8.07960687e-04 9.56245721e-04 1.12461966e-03 1.31475529e-03 1.52820434e-03 1.76635049e-03 2.03035873e-03 2.32112224e-03 2.63920853e-03 2.98480655e-03 3.35767672e-03 3.75710594e-03 4.18186958e-03 4.63020244e-03 5.09978054e-03 5.58771529e-03 6.09056148e-03 6.60433990e-03 7.12457517e-03 7.64634900e-03 8.16436841e-03 8.67304810e-03 9.16660582e-03 9.63916908e-03 1.00848911e-02 1.04980738e-02 1.08732951e-02 1.12055381e-02 1.14903187e-02 1.17238089e-02 1.19029524e-02 1.20255703e-02 1.20904516e-02 1.20974278e-02 1.20474266e-02 1.19425027e-02 1.17858418e-02 1.15817365e-02 1.13355300e-02 1.10535271e-02 1.07428704e-02 1.04113812e-02 1.00673663e-02 9.71939198e-03 9.37602986e-03 9.04557959e-03 8.73577700e-03 8.45349778e-03 8.20446964e-03 7.99300751e-03 7.82178771e-03 7.69167766e-03 7.60163660e-03 7.54870069e-03 7.52806190e-03 7.53324484e-03 7.55637906e-03 7.58855726e-03 7.62026249e-03 7.64184077e-03 7.64399094e-03 7.61824013e-03 7.55737380e-03 7.45579130e-03 7.30976376e-03 7.11757847e-03 6.87956270e-03 6.59798967e-03 6.27687800e-03 5.92170347e-03 5.53904753e-03 5.13620971e-03 4.72081138e-03 4.30041633e-03 3.88218951e-03 3.47260997e-03 3.07724810e-03 2.70061117e-03 2.34605592e-03 2.01576254e-03 1.71076112e-03 1.43099995e-03 1.17544441e-03 9.42195757e-04 7.28620423e-04 5.31482452e-04 3.47073887e-04 1.71340205e-04 0.00000000e+00
 0.00000000e+00 4.29234478e-05 8.73986347e-05 1.34991638e-04 1.87296219e-04 2.45945191e-04 3.12618884e-04 3.89049790e-04 4.77022599e-04 5.78368904e-04 6.94955991e-04 8.28669300e-04 9.81388329e-04 1.15495597e-03 1.35114155e-03 1.57159798e-03 1.81781407e-03 2.09106268e-03 2.39234653e-03 2.72234287e-03 3.08134910e-03 3.46923112e-03 3.88537665e-03 4.32865542e-03 4.79738839e-03 5.28932780e-03 5.80164970e-03 6.33096031e-03 6.87331715e-03 7.42426557e-03 7.97889070e-03 8.53188451e-03 9.07762714e-03 9.61028130e-03 1.01238980e-02 1.06125315e-02 1.10703616e-02 1.14918201e-02 1.18717186e-02 1.22053757e-02 1.24887395e-02 1.27185022e-02 1.28922051e-02 1.30083291e-02 1.30663685e-02 1.30668851e-02 1.30115390e-02 1.29030943e-02 1.27453955e-02 1.25433135e-02 1.23026596e-02 1.20300650e-02 1.17328264e-02 1.14187185e-02 1.10957758e-02 1.07720469e-02 1.04553282e-02 1.01528853e-02 9.87117122e-03 9.61555560e-03 9.39007829e-03 9.19724253e-03 9.03786353e-03 8.91098648e-03 8.81388582e-03 8.74215364e-03 8.68987970e-03 8.64991947e-03 8.61423967e-03 8.57432421e-03 8.52161770e-03 8.44797938e-03 8.34611802e-03 8.20997922e-03 8.03505886e-03 7.81862231e-03 7.55981614e-03 7.25966725e-03 6.92097347e-03 6.54809736e-03 6.14668188e-03 5.72331117e-03 5.28514205e-03 4.83953182e-03 4.39368561e-03 3.95434269e-03 3.52751608e-03 3.11829386e-03 2.73070545e-03 2.36765094e-03 2.03088736e-03 1.72106347e-03 1.43779245e-03 1.17975197e-03 9.44801378e-04 7.30107352e-04 5.32271016e-04 3.47451955e-04 1.71486535e-04 0.00000000e+00
 0.00000000e+00 4.35253050e-05 8.86363841e-05 1.36934140e-04 1.90048726e-04 2.49651658e-04 3.17464972e-04 3.95266503e-04 4.84890475e-04 5.88222647e-04 7.07189449e-04 8.43740640e-04 9.99825268e-04 1.17736091e-03 1.37819641e-03 1.60406866e-03 1.85655418e-03 2.13701660e-03 2.44655145e-03 2.78592976e-03 3.15554247e-03 3.55534750e-03 3.98482167e-03 4.44291950e-03 4.92804104e-03 5.43801046e-03 5.97006732e-03 6.52087153e-03 7.08652340e-03 7.66259889e-03 8.24420055e-03 8.82602356e-03 9.40243604e-03 9.96757252e-03 1.05154387e-02 1.10400253e-02 1.15354295e-02 1.19959801e-02 1.24163644e-02 1.27917538e-02 1.31179254e-02 1.33913753e-02 1.36094222e-02 1.37702965e-02 1.38732138e-02 1.39184272e-02 1.39072584e-02 1.38421023e-02 1.37264041e-02 1.35646067e-02 1.33620651e-02 1.31249293e-02 1.28599938e-02 1.25745152e-02 1.22760006e-02 1.19719719e-02 1.16697103e-02 1.13759917e-02 1.10968210e-02 1.08371797e-02 1.06007994e-02 1.03899755e-02 1.02054362e-02 1.00462787e-02 9.90998342e-03 9.79251219e-03 9.68849089e-03 9.59147269e-03 9.49426976e-03 9.38933694e-03 9.26918475e-03 9.12679647e-03 8.95602186e-03 8.75192141e-03 8.51103793e-03 8.23157789e-03 7.91349150e-03 7.55844874e-03 7.16971614e-03 6.75194676e-03 6.31090138e-03 5.85312297e-03 5.38558862e-03 4.91536208e-03 4.44926854e-03 3.99360870e-03 3.55392477e-03 3.13482559e-03 2.73987299e-03 2.37152697e-03 2.03114354e-03 1.71901681e-03 1.43445531e-03 1.17588229e-03 9.40950681e-04 7.26664390e-04 5.29499659e-04 3.45522317e-04 1.70498701e-04 0.00000000e+00
 0.00000000e+00 4.38308651e-05 8.92704389e-05 1.37943199e-04 1.91504141e-04 2.51651504e-04 3.20136495e-04 3.98769108e-04 4.89419175e-04 5.94011927e-04 7.14517439e-04 8.52933517e-04 1.01126178e-03 1.19147687e-03 1.39548910e-03 1.62510096e-03 1.88195829e-03 2.16749726e-03 2.48288850e-03 2.82897998e-03 3.20624053e-03 3.61470602e-03 4.05393029e-03 4.52294295e-03 5.02021613e-03 5.54364217e-03 6.09052372e-03 6.65757790e-03 7.24095526e-03 7.83627419e-03 8.43867095e-03 9.04286474e-03 9.64323715e-03 1.02339246e-02 1.08089219e-02 1.13621955e-02 1.18878029e-02 1.23800166e-02 1.28334499e-02 1.32431806e-02 1.36048704e-02 1.39148767e-02 1.41703542e-02 1.43693419e-02 1.45108347e-02 1.45948340e-02 1.46223770e-02 1.45955402e-02 1.45174156e-02 1.43920578e-02 1.42243996e-02 1.40201362e-02 1.37855784e-02 1.35274750e-02 1.32528087e-02 1.29685694e-02 1.26815113e-02 1.23979027e-02 1.21232782e-02 1.18622057e-02 1.16180812e-02 1.13929643e-02 1.11874685e-02 1.10007160e-02 1.08303673e-02 1.06727280e-02 1.05229341e-02 1.03752089e-02 1.02231797e-02 1.00602378e-02 9.87992044e-03 9.67628978e-03 9.44428570e-03 9.18002723e-03 8.88104323e-03 8.54641715e-03 8.17683739e-03 7.77455199e-03 7.34323379e-03 6.88776843e-03 6.41398271e-03 5.92833430e-03 5.43758484e-03 4.94847810e-03 4.46744210e-03 4.00033089e-03 3.55221642e-03 3.12723673e-03 2.72850144e-03 2.35805186e-03 2.01686930e-03 1.70492351e-03 1.42125160e-03 1.16405791e-03 9.30825885e-04 7.18434575e-04 5.23273774e-04 3.41354232e-04 1.68411011e-04 0.00000000e+00
 0.00000000e+00 4.38366111e-05 8.92934279e-05 1.38006907e-04 1.91644978e-04 2.51920236e-04 3.20600115e-04 3.99513125e-04 4.90550302e-04 5.95661116e-04 7.16843225e-04 8.56125605e-04 1.01554481e-03 1.19711430e-03 1.40278710e-03 1.63441224e-03 1.89368582e-03 2.18209772e-03 2.50087542e-03 2.85092648e-03 3.23278165e-03 3.64654046e-03 4.09182165e-03 4.56772034e-03 5.07277419e-03 5.60494043e-03 6.16158540e-03 6.73948796e-03 7.33485784e-03 7.94336936e-03 8.56021063e-03 9.18014791e-03 9.79760404e-03 1.04067499e-02 1.10016067e-02 1.15761578e-02 1.21244666e-02 1.26407989e-02 1.31197462e-02 1.35563475e-02 1.39462061e-02 1.42855991e-02 1.45715755e-02 1.48020413e-02 1.49758275e-02 1.50927383e-02 1.51535778e-02 1.51601509e-02 1.51152383e-02 1.50225423e-02 1.48866026e-02 1.47126820e-02 1.45066224e-02 1.42746725e-02 1.40232911e-02 1.37589310e-02 1.34878084e-02 1.32156693e-02 1.29475600e-02 1.26876151e-02 1.24388745e-02 1.22031419e-02 1.19808957e-02 1.17712638e-02 1.15720666e-02 1.13799328e-02 1.11904851e-02 1.09985898e-02 1.07986570e-02 1.05849760e-02 1.03520646e-02 1.00950109e-02 9.80978479e-03 9.49349749e-03 9.14459322e-03 8.76295916e-03 8.34994830e-03 7.90831530e-03 7.44207218e-03 6.95627641e-03 6.45676817e-03 5.94987645e-03 5.44211420e-03 4.93988218e-03 4.44919851e-03 3.97546737e-03 3.52329612e-03 3.09636538e-03 2.69735263e-03 2.32790592e-03 1.98866166e-03 1.67929822e-03 1.39861660e-03 1.14463896e-03 9.14716894e-04 7.05642568e-04 5.13757347e-04 3.35054778e-04 1.65276313e-04 0.00000000e+00
 0.00000000e+00 4.35450638e-05 8.87102890e-05 1.37132405e-04 1.90480250e-04 2.50468279e-04 3.18867057e-04 3.97509808e-04 4.88294177e-04 5.93178441e-04 7.14171546e-04 8.53316520e-04 1.01266697e-03 1.19425665e-03 1.40006229e-03 1.63196021e-03 1.89167745e-03 2.18073860e-03 2.50040964e-03 2.85164037e-03 3.23500749e-03 3.65066010e-03 4.09827000e-03 4.57698868e-03 5.08541336e-03 5.62156372e-03 6.18287118e-03 6.76618204e-03 7.36777537e-03 7.98339624e-03 8.60830438e-03 9.23733763e-03 9.86498954e-03 1.04854996e-02 1.10929541e-02 1.16813963e-02 1.22449424e-02 1.27779015e-02 1.32748964e-02 1.37309822e-02 1.41417606e-02 1.45034852e-02 1.48131568e-02 1.50686041e-02 1.52685481e-02 1.54126467e-02 1.55015178e-02 1.55367375e-02 1.55208122e-02 1.54571228e-02 1.53498407e-02 1.52038143e-02 1.50244281e-02 1.48174363e-02 1.45887739e-02 1.43443515e-02 1.40898393e-02 1.38304499e-02 1.35707291e-02 1.33143652e-02 1.30640296e-02 1.28212572e-02 1.25863799e-02 1.23585187e-02 1.21356401e-02 1.19146793e-02 1.16917246e-02 1.14622583e-02 1.12214386e-02 1.09644098e-02 1.06866186e-02 1.03841185e-02 1.00538405e-02 9.69381377e-03 9.30331884e-03 8.88296607e-03 8.43469347e-03 7.96168627e-03 7.46822574e-03 6.95947935e-03 6.44124856e-03 5.91969233e-03 5.40104479e-03 4.89134483e-03 4.39619246e-03 3.92054370e-03 3.46855171e-03 3.04345760e-03 2.64753069e-03 2.28205465e-03 1.94735337e-03 1.64284873e-03 1.36714204e-03 1.11811052e-03 8.93011358e-04 6.88587097e-04 5.01167532e-04 3.26765357e-04 1.61164277e-04 0.00000000e+00
 0.00000000e+00 4.29646350e-05 8.75379751e-05 1.35345446e-04 1.88044896e-04 2.47340271e-04 3.14992294e-04 3.92825222e-04 4.82728836e-04 5.86654902e-04 7.06607493e-04 8.44626691e-04 1.00276542e-03 1.18305936e-03 1.38749012e-03 1.61794220e-03 1.87615457e-03 2.16366781e-03 2.48176834e-03 2.83143126e-03 3.21326372e-03 3.62745083e-03 4.07370620e-03 4.55122932e-03 5.05867171e-03 5.59411388e-03 6.15505474e-03 6.73841462e-03 7.34055312e-03 7.95730196e-03 8.58401310e-03 9.21562153e-03 9.84672176e-03 1.04716567e-02 1.10846170e-02 1.16797489e-02 1.22512681e-02 1.27935765e-02 1.33013801e-02 1.37698042e-02 1.41945030e-02 1.45717615e-02 1.48985859e-02 1.51727796e-02 1.53930033e-02 1.55588149e-02 1.56706882e-02 1.57300073e-02 1.57390362e-02 1.57008608e-02 1.56193041e-02 1.54988146e-02 1.53443288e-02 1.51611106e-02 1.49545714e-02 1.47300770e-02 1.44927468e-02 1.42472546e-02 1.39976397e-02 1.37471392e-02 1.34980510e-02 1.32516378e-02 1.30080805e-02 1.27664875e-02 1.25249635e-02 1.22807367e-02 1.20303418e-02 1.17698492e-02 1.14951285e-02 1.12021315e-02 1.08871762e-02 1.05472141e-02 1.01800623e-02 9.78458598e-03 9.36081695e-03 8.91000286e-03 8.43458310e-03 7.93809505e-03 7.42501830e-03 6.90056908e-03 6.37045996e-03 5.84064155e-03 5.31704299e-03 4.80532683e-03 4.31067150e-03 3.83759121e-03 3.38979973e-03 2.97012043e-03 2.58044181e-03 2.22171453e-03 1.89398417e-03 1.59645207e-03 1.32755662e-03 1.08506696e-03 8.66182381e-04 6.67631638e-04 4.85767962e-04 3.16657372e-04 1.56159286e-04 0.00000000e+00
 0.00000000e+00 4.21092837e-05 8.58047622e-05 1.32689343e-04 1.84398350e-04 2.42613225e-04 3.09072266e-04 3.85577483e-04 4.73996738e-04 5.76260414e-04 6.94352003e-04 8.30292147e-04 9.86115870e-04 1.16384294e-03 1.36544161e-03 1.59278614e-03 1.84760903e-03 2.13144884e-03 2.44559516e-03 2.79103220e-03 3.16838293e-03 3.57785576e-03 4.01919581e-03 4.49164302e-03 4.99389892e-03 5.52410418e-03 6.07982837e-03 6.65807336e-03 7.25529111e-03 7.86741645e-03 8.48991472e-03 9.11784375e-03 9.74592924e-03 1.03686521e-02 1.09803456e-02 1.15753014e-02 1.21478795e-02 1.26926224e-02 1.32043690e-02 1.36783649e-02 1.41103682e-02 1.44967457e-02 1.48345578e-02 1.51216301e-02 1.53566068e-02 1.55389863e-02 1.56691346e-02 1.57482754e-02 1.57784568e-02 1.57624907e-02 1.57038686e-02 1.56066507e-02 1.54753329e-02 1.53146931e-02 1.51296215e-02 1.49249396e-02 1.47052161e-02 1.44745867e-02 1.42365859e-02 1.39940024e-02 1.37487644e-02 1.35018664e-02 1.32533415e-02 1.30022862e-02 1.27469390e-02 1.24848114e-02 1.22128653e-02 1.19277307e-02 1.16259486e-02 1.13042267e-02 1.09596917e-02 1.05901201e-02 1.01941342e-02 9.77134821e-03 9.32245581e-03 8.84925279e-03 8.35459448e-03 7.84229139e-03 7.31695145e-03 6.78378053e-03 6.24835529e-03 5.71638368e-03 5.19346810e-03 4.68488504e-03 4.19539252e-03 3.72907365e-03 3.28922152e-03 2.87826686e-03 2.49774713e-03 2.14831319e-03 1.82976749e-03 1.54112703e-03 1.28070354e-03 1.04619389e-03 8.34774370e-04 6.43193673e-04 4.67861037e-04 3.04927257e-04 1.50357994e-04 0.00000000e+00
 0.00000000e+00 4.09979987e-05 8.35491993e-05 1.29223353e-04 1.79622319e-04 2.36393650e-04 3.01241268e-04 3.75932324e-04 4.62299403e-04 5.62237374e-04 6.77694227e-04 8.10655495e-04 9.63121954e-04 1.13708059e-03 1.33446901e-03 1.55713382e-03 1.80678373e-03 2.08493839e-03 2.39287440e-03 2.73157008e-03 3.10165073e-03 3.50333651e-03 3.93639489e-03 4.40009978e-03 4.89319946e-03 5.41389493e-03 5.95983045e-03 6.52809741e-03 7.11525243e-03 7.71735002e-03 8.32998981e-03 8.94837768e-03 9.56739982e-03 1.01817083e-02 1.07858159e-02 1.13741990e-02 1.19414047e-02 1.24821602e-02 1.29914827e-02 1.34647845e-02 1.38979733e-02 1.42875426e-02 1.46306509e-02 1.49251862e-02 1.51698146e-02 1.53640088e-02 1.55080572e-02 1.56030491e-02 1.56508378e-02 1.56539789e-02 1.56156451e-02 1.55395185e-02 1.54296619e-02 1.52903729e-02 1.51260250e-02 1.49409010e-02 1.47390249e-02 1.45240019e-02 1.42988711e-02 1.40659836e-02 1.38269102e-02 1.35823882e-02 1.33323126e-02 1.30757734e-02 1.28111430e-02 1.25362066e-02 1.22483353e-02 1.19446877e-02 1.16224332e-02 1.12789805e-02 1.09121975e-02 1.05206084e-02 1.01035554e-02 9.66131183e-03 9.19514108e-03 8.70729698e-03 8.20096544e-03 7.68015252e-03 7.14952707e-03 6.61422898e-03 6.07965624e-03 5.55124450e-03 5.03425260e-03 4.53356600e-03 4.05352798e-03 3.59780527e-03 3.16929230e-03 2.77005478e-03 2.40131082e-03 2.06344559e-03 1.75605385e-03 1.47800387e-03 1.22751585e-03 1.00224844e-03 7.99387535e-04 6.15732929e-04 4.47779474e-04 2.91791020e-04 1.43866653e-04 0.00000000e+00
 0.00000000e+00 3.96541305e-05 8.08187522e-05 1.25020597e-04 1.73817910e-04 2.28813793e-04 2.91666702e-04 3.64097212e-04 4.47890240e-04 5.44892009e-04 6.57001166e-04 7.86153595e-04 9.34300681e-04 1.10338099e-03 1.29528556e-03 1.51181728e-03 1.75464516e-03 2.02525448e-03 2.32489420e-03 2.65452316e-03 3.01475697e-03 3.40581736e-03 3.82748624e-03 4.27906630e-03 4.75935027e-03 5.26660055e-03 5.79854067e-03 6.35235992e-03 6.92473181e-03 7.51184677e-03 8.10945882e-03 8.71294585e-03 9.31738212e-03 9.91762168e-03 1.05083907e-02 1.10843867e-02 1.16403819e-02 1.21713280e-02 1.26724609e-02 1.31394000e-02 1.35682425e-02 1.39556471e-02 1.42989067e-02 1.45960061e-02 1.48456640e-02 1.50473553e-02 1.52013146e-02 1.53085172e-02 1.53706387e-02 1.53899919e-02 1.53694420e-02 1.53123023e-02 1.52222106e-02 1.51029925e-02 1.49585140e-02 1.47925291e-02 1.46085303e-02 1.44096069e-02 1.41983200e-02 1.39766018e-02 1.37456846e-02 1.35060666e-02 1.32575193e-02 1.29991360e-02 1.27294238e-02 1.24464346e-02 1.21479279e-02 1.18315591e-02 1.14950800e-02 1.11365411e-02 1.07544810e-02 1.03480912e-02 9.91734590e-03 9.46308583e-03 8.98705209e-03 8.49186707e-03 7.98096395e-03 7.45846996e-03 6.92905144e-03 6.39773145e-03 5.86969161e-03 5.35007088e-03 4.84377277e-03 4.35529156e-03 3.88856561e-03 3.44686346e-03 3.03270567e-03 2.64782246e-03 2.29314525e-03 1.96882790e-03 1.67429236e-03 1.40829259e-03 1.16899057e-03 9.54038422e-04 7.60661593e-04 5.85739002e-04 4.25877416e-04 2.77478498e-04 1.36798296e-04 0.00000000e+00
 0.00000000e+00 3.81046083e-05 7.76682100e-05 1.20165598e-04 1.67102223e-04 2.20027177e-04 2.80543410e-04 3.50314320e-04 4.31065924e-04 5.24583926e-04 6.32705095e-04 7.57302525e-04 9.00264542e-04 1.06346721e-03 1.24874064e-03 1.45782963e-03 1.69234930e-03 1.95373683e-03 2.24320054e-03 2.56166798e-03 2.90973462e-03 3.28761516e-03 3.69509947e-03 4.13151499e-03 4.59569770e-03 5.08597311e-03 5.60014908e-03 6.13552119e-03 6.68889174e-03 7.25660237e-03 7.83458030e-03 8.41839742e-03 9.00334106e-03 9.58449502e-03 1.01568288e-02 1.07152930e-02 1.12549182e-02 1.17709147e-02 1.22587712e-02 1.27143481e-02 1.31339649e-02 1.35144768e-02 1.38533403e-02 1.41486639e-02 1.43992428e-02 1.46045754e-02 1.47648607e-02 1.48809753e-02 1.49544303e-02 1.49873067e-02 1.49821725e-02 1.49419817e-02 1.48699576e-02 1.47694652e-02 1.46438766e-02 1.44964339e-02 1.43301168e-02 1.41475215e-02 1.39507553e-02 1.37413572e-02 1.35202463e-02 1.32877050e-02 1.30433998e-02 1.27864389e-02 1.25154673e-02 1.22287946e-02 1.19245478e-02 1.16008440e-02 1.12559691e-02 1.08885535e-02 1.04977332e-02 1.00832852e-02 9.64572696e-03 9.18637535e-03 8.70735841e-03 8.21158051e-03 7.70264264e-03 7.18472340e-03 6.66242857e-03 6.14061908e-03 5.62422830e-03 5.11807963e-03 4.62671466e-03 4.15424079e-03 3.70420515e-03 3.27949927e-03 2.88229662e-03 2.51402267e-03 2.17535515e-03 1.86625053e-03 1.58599161e-03 1.33325066e-03 1.10616238e-03 9.02401324e-04 7.19259225e-04 5.53718790e-04 4.02521390e-04 2.62227515e-04 1.29269871e-04 0.00000000e+00
 0.00000000e+00 3.63790762e-05 7.41579267e-05 1.14751566e-04 1.59604581e-04 2.10203647e-04 2.68087378e-04 3.34852664e-04 4.12156745e-04 5.01714357e-04 6.05289379e-04 7.24680584e-04 8.61701248e-04 1.01815261e-03 1.19579137e-03 1.39629171e-03 1.62120260e-03 1.87190129e-03 2.14954444e-03 2.45501828e-03 2.78888950e-03 3.15135879e-03 3.54221893e-03 3.96081933e-03 4.40603884e-03 4.87626854e-03 5.36940575e-03 5.88286052e-03 6.41357501e-03 6.95805613e-03 7.51242112e-03 8.07245530e-03 8.63368091e-03 9.19143533e-03 9.74095690e-03 1.02774760e-02 1.07963088e-02 1.12929521e-02 1.17631747e-02 1.22031045e-02 1.26093086e-02 1.29788626e-02 1.33094084e-02 1.35991976e-02 1.38471192e-02 1.40527098e-02 1.42161460e-02 1.43382171e-02 1.44202793e-02 1.44641920e-02 1.44722357e-02 1.44470160e-02 1.43913547e-02 1.43081721e-02 1.42003653e-02 1.40706866e-02 1.39216296e-02 1.37553256e-02 1.35734593e-02 1.33772080e-02 1.31672079e-02 1.29435525e-02 1.27058242e-02 1.24531593e-02 1.21843432e-02 1.18979332e-02 1.15924014e-02 1.12662890e-02 1.09183650e-02 1.05477764e-02 1.01541824e-02 9.73786246e-03 9.29979016e-03 8.84166922e-03 8.36592728e-03 7.87566845e-03 7.37458735e-03 6.86685015e-03 6.35695020e-03 5.84954742e-03 5.34930113e-03 4.86070598e-03 4.38794005e-03 3.93473244e-03 3.50425600e-03 3.09904876e-03 2.72096538e-03 2.37115781e-03 2.05008275e-03 1.75753206e-03 1.49268132e-03 1.25415141e-03 1.04007792e-03 8.48183591e-04 6.75849826e-04 5.20184135e-04 3.78081413e-04 2.46278132e-04 1.21399421e-04 0.00000000e+00
 0.00000000e+00 3.45089883e-05 7.03519771e-05 1.08877547e-04 1.51462564e-04 1.99524148e-04 2.54529068e-04 3.17999773e-04 3.91516333e-04 4.76713638e-04 5.75273328e-04 6.88910072e-04 8.19351962e-04 9.68315019e-04 1.13747201e-03 1.32841606e-03 1.54261974e-03 1.78139065e-03 2.04582476e-03 2.33675891e-03 2.65472417e-03 2.99990187e-03 3.37208409e-03 3.77064054e-03 4.19449345e-03 4.64210217e-03 5.11145870e-03 5.60009508e-03 6.10510333e-03 6.62316791e-03 7.15061051e-03 7.68344632e-03 8.21745049e-03 8.74823343e-03 9.27132264e-03 9.78224920e-03 1.02766363e-02 1.07502876e-02 1.11992722e-02 1.16200050e-02 1.20093181e-02 1.23645237e-02 1.26834633e-02 1.29645443e-02 1.32067604e-02 1.34096960e-02 1.35735135e-02 1.36989227e-02 1.37871333e-02 1.38397916e-02 1.38589014e-02 1.38467331e-02 1.38057234e-02 1.37383677e-02 1.36471123e-02 1.35342485e-02 1.34018149e-02 1.32515131e-02 1.30846413e-02 1.29020511e-02 1.27041294e-02 1.24908100e-02 1.22616136e-02 1.20157172e-02 1.17520482e-02 1.14694007e-02 1.11665660e-02 1.08424707e-02 1.04963143e-02 1.01276959e-02 9.73672375e-03 9.32409838e-03 8.89116458e-03 8.43992751e-03 7.97303197e-03 7.49370544e-03 7.00566851e-03 6.51301795e-03 6.02008987e-03 5.53131104e-03 5.05104717e-03 4.58345660e-03 4.13235708e-03 3.70111170e-03 3.29253879e-03 2.90884821e-03 2.55160480e-03 2.22171809e-03 1.91945548e-03 1.64447538e-03 1.39587586e-03 1.17225395e-03 9.71771202e-04 7.92220952e-04 6.31094035e-04 4.85640049e-04 3.52922517e-04 2.29867156e-04 1.13303384e-04 0.00000000e+00
 0.00000000e+00 3.25266992e-05 6.63163020e-05 1.02645548e-04 1.42818012e-04 1.88175447e-04 2.40106673e-04 3.00053246e-04 3.69511231e-04 4.50028453e-04 5.43196722e-04 6.50638673e-04 7.73989016e-04 9.14870176e-04 1.07486256e-03 1.25546988e-03 1.45808024e-03 1.68392396e-03 1.93402933e-03 2.20917768e-03 2.50985946e-03 2.83623285e-03 3.18808697e-03 3.56481115e-03 3.96537212e-03 4.38830048e-03 4.83168771e-03 5.29319459e-03 5.77007152e-03 6.25919071e-03 6.75709000e-03 7.26002735e-03 7.76404482e-03 8.26504039e-03 8.75884569e-03 9.24130743e-03 9.70837027e-03 1.01561586e-02 1.05810549e-02 1.09797722e-02 1.13494185e-02 1.16875510e-02 1.19922186e-02 1.22619903e-02 1.24959699e-02 1.26937943e-02 1.28556164e-02 1.29820719e-02 1.30742308e-02 1.31335354e-02 1.31617245e-02 1.31607493e-02 1.31326809e-02 1.30796146e-02 1.30035751e-02 1.29064255e-02 1.27897866e-02 1.26549696e-02 1.25029264e-02 1.23342217e-02 1.21490289e-02 1.19471520e-02 1.17280720e-02 1.14910184e-02 1.12350604e-02 1.09592155e-02 1.06625673e-02 1.03443871e-02 1.00042513e-02 9.64214699e-03 9.25855848e-03 8.85452916e-03 8.43169386e-03 7.99227908e-03 7.53907057e-03 7.07534983e-03 6.60480314e-03 6.13140856e-03 5.65930748e-03 5.19266828e-03 4.73554979e-03 4.29177182e-03 3.86479924e-03 3.45764478e-03 3.07279419e-03 2.71215554e-03 2.37703313e-03 2.06812443e-03 1.78553784e-03 1.52882739e-03 1.29704069e-03 1.08877552e-03 9.02241111e-04 7.35320315e-04 5.85629489e-04 4.50573869e-04 3.27396920e-04 2.13223080e-04 1.05094110e-04 0.00000000e+00
 0.00000000e+00 3.04645862e-05 6.21169157e-05 9.61577579e-05 1.33813141e-04 1.76345011e-04 2.25059561e-04 2.81312514e-04 3.46510701e-04 4.22109356e-04 5.09604659e-04 6.10521170e-04 7.26393986e-04 8.58745611e-04 1.00905776e-03 1.17873851e-03 1.36908558e-03 1.58124644e-03 1.81617676e-03 2.07459815e-03 2.35695707e-03 2.66338633e-03 2.99367099e-03 3.34722021e-03 3.72304676e-03 4.11975541e-03 4.53554145e-03 4.96820002e-03 5.41514667e-03 5.87344920e-03 6.33987028e-03 6.81091993e-03 7.28291668e-03 7.75205573e-03 8.21448219e-03 8.66636724e-03 9.10398499e-03 9.52378770e-03 9.92247691e-03 1.02970685e-02 1.06449495e-02 1.09639244e-02 1.12522503e-02 1.15086590e-02 1.17323644e-02 1.19230568e-02 1.20808816e-02 1.22064041e-02 1.23005609e-02 1.23645998e-02 1.24000087e-02 1.24084378e-02 1.23916159e-02 1.23512668e-02 1.22890265e-02 1.22063677e-02 1.21045343e-02 1.19844894e-02 1.18468808e-02 1.16920271e-02 1.15199244e-02 1.13302761e-02 1.11225444e-02 1.08960212e-02 1.06499152e-02 1.03834519e-02 1.00959783e-02 9.78706879e-03 9.45662363e-03 9.10495480e-03 8.73285260e-03 8.34162884e-03 7.93313276e-03 7.50973848e-03 7.07430381e-03 6.63010269e-03 6.18073495e-03 5.73001850e-03 5.28187008e-03 4.84018135e-03 4.40869693e-03 3.99090080e-03 3.58991631e-03 3.20842415e-03 2.84860099e-03 2.51208017e-03 2.19993421e-03 1.91267780e-03 1.65028869e-03 1.41224319e-03 1.19756265e-03 1.00486695e-03 8.32431413e-04 6.78243697e-04 5.40058172e-04 4.15445608e-04 3.01837077e-04 1.96561569e-04 9.68776459e-05 0.00000000e+00
 0.00000000e+00 2.83542322e-05 5.78182391e-05 8.95139639e-05 1.24586939e-04 1.64216222e-04 2.09622133e-04 2.62071124e-04 3.22877152e-04 3.93399025e-04 4.75033265e-04 5.69202182e-04 6.77336983e-04 8.00855934e-04 9.41137780e-04 1.09949086e-03 1.27711857e-03 1.47508207e-03 1.69426133e-03 1.93531580e-03 2.19864625e-03 2.48435918e-03 2.79223549e-03 3.12170506e-03 3.47182849e-03 3.84128744e-03 4.22838455e-03 4.63105358e-03 5.04688017e-03 5.47313302e-03 5.90680512e-03 6.34466402e-03 6.78330995e-03 7.21923999e-03 7.64891662e-03 8.06883845e-03 8.47561085e-03 8.86601448e-03 9.23706930e-03 9.58609214e-03 9.91074589e-03 1.02090787e-02 1.04795520e-02 1.07210555e-02 1.09329105e-02 1.11148583e-02 1.12670366e-02 1.13899433e-02 1.14843879e-02 1.15514348e-02 1.15923364e-02 1.16084627e-02 1.16012271e-02 1.15720132e-02 1.15221052e-02 1.14526259e-02 1.13644851e-02 1.12583422e-02 1.11345846e-02 1.09933250e-02 1.08344174e-02 1.06574928e-02 1.04620128e-02 1.02473393e-02 1.00128162e-02 9.75785925e-03 9.48204924e-03 9.18522165e-03 8.86754849e-03 8.52960612e-03 8.17242464e-03 7.79751499e-03 7.40687164e-03 7.00294995e-03 6.58861891e-03 6.16709176e-03 5.74183804e-03 5.31648213e-03 4.89469363e-03 4.48007569e-03 4.07605701e-03 3.68579287e-03 3.31207972e-03 2.95728664e-03 2.62330579e-03 2.31152275e-03 2.02280628e-03 1.75751588e-03 1.51552481e-03 1.29625564e-03 1.09872464e-03 9.21591911e-04 7.63213769e-04 6.21694567e-04 4.94935654e-04 3.80679747e-04 2.76549738e-04 1.80081617e-04 8.87518371e-05 0.00000000e+00
 0.00000000e+00 2.62256984e-05 5.34816112e-05 8.28092342e-05 1.15271924e-04 1.51964088e-04 1.94018309e-04 2.42609789e-04 2.98957515e-04 3.64321653e-04 4.39996764e-04 5.27300526e-04 6.27557851e-04 7.42080376e-04 8.72141571e-04 1.01894786e-03 1.18360641e-03 1.36709039e-03 1.57020282e-03 1.79354019e-03 2.03745723e-03 2.30203432e-03 2.58704905e-03 2.89195329e-03 3.21585733e-03 3.55752200e-03 3.91535992e-03 4.28744632e-03 4.67153976e-03 5.06511251e-03 5.46539025e-03 5.86939980e-03 6.27402397e-03 6.67606167e-03 7.07229152e-03 7.45953696e-03 7.83473073e-03 8.19497661e-03 8.53760643e-03 8.86023034e-03 9.16077885e-03 9.43753499e-03 9.68915566e-03 9.91468131e-03 1.01135335e-02 1.02855007e-02 1.04307118e-02 1.05495995e-02 1.06428536e-02 1.07113666e-02 1.07561734e-02 1.07783869e-02 1.07791341e-02 1.07594924e-02 1.07204331e-02 1.06627711e-02 1.05871266e-02 1.04938997e-02 1.03832603e-02 1.02551543e-02 1.01093271e-02 9.94536238e-03 9.76273735e-03 9.56088868e-03 9.33928831e-03 9.09752380e-03 8.83537881e-03 8.55290887e-03 8.25050755e-03 7.92895864e-03 7.58947054e-03 7.23369031e-03 6.86369563e-03 6.48196473e-03 6.09132539e-03 5.69488553e-03 5.29594900e-03 4.89792116e-03 4.50420907e-03 4.11812174e-03 3.74277522e-03 3.38100714e-03 3.03530431e-03 2.70774613e-03 2.39996528e-03 2.11312615e-03 1.84792040e-03 1.60457801e-03 1.38289153e-03 1.18225086e-03 1.00168532e-03 8.39910073e-04 6.95374063e-04 5.66306842e-04 4.50762412e-04 3.46658602e-04 2.51811167e-04 1.63962432e-04 8.08048041e-05 0.00000000e+00
 0.00000000e+00 2.41069029e-05 4.91640198e-05 7.61319452e-05 1.05991381e-04 1.39751567e-04 1.78456795e-04 2.23190412e-04 2.75075790e-04 3.35273780e-04 4.04976280e-04 4.85395652e-04 5.77749846e-04 6.83243278e-04 8.03043650e-04 9.38255128e-04 1.08988848e-03 1.25882895e-03 1.44580294e-03 1.65134455e-03 1.87576336e-03 2.11911484e-03 2.38117460e-03 2.66141816e-03 2.95900719e-03 3.27278341e-03 3.60127098e-03 3.94268785e-03 4.29496628e-03 4.65578228e-03 5.02259337e-03 5.39268383e-03 5.76321598e-03 6.13128605e-03 6.49398286e-03 6.84844718e-03 7.19193013e-03 7.52184829e-03 7.83583381e-03 8.13177785e-03 8.40786573e-03 8.66260267e-03 8.89482918e-03 9.10372564e-03 9.28880581e-03 9.44989953e-03 9.58712525e-03 9.70085329e-03 9.79166126e-03 9.86028341e-03 9.90755579e-03 9.93435969e-03 9.94156575e-03 9.92998145e-03 9.90030448e-03 9.85308466e-03 9.78869652e-03 9.70732449e-03 9.60896196e-03 9.49342500e-03 9.36038040e-03 9.20938744e-03 9.03995129e-03 8.85158574e-03 8.64388188e-03 8.41657890e-03 8.16963299e-03 7.90327994e-03 7.61808761e-03 7.31499448e-03 6.99533158e-03 6.66082576e-03 6.31358365e-03 5.95605633e-03 5.59098658e-03 5.22134095e-03 4.85023035e-03 4.48082312e-03 4.11625502e-03 3.75954084e-03 3.41349168e-03 3.08064171e-03 2.76318745e-03 2.46294153e-03 2.18130210e-03 1.91923803e-03 1.67728895e-03 1.45557882e-03 1.25384064e-03 1.07144987e-03 9.07463891e-04 7.60664673e-04 6.29602225e-04 5.12636694e-04 4.07977365e-04 3.13717382e-04 2.27863554e-04 1.48361114e-04 7.31137937e-05 0.00000000e+00
 0.00000000e+00 2.20231218e-05 4.49170784e-05 6.95621860e-05 9.68571187e-05 1.27726585e-04 1.63127227e-04 2.04051204e-04 2.51526966e-04 3.06616775e-04 3.70410652e-04 4.44016482e-04 5.28546190e-04 6.25097996e-04 7.34734981e-04 8.58460329e-04 9.97189818e-04 1.15172234e-03 1.32270934e-03 1.51062434e-03 1.71573368e-03 1.93806974e-03 2.17740807e-03 2.43324950e-03 2.70480850e-03 2.99100869e-03 3.29048618e-03 3.60160137e-03 3.92245896e-03 4.25093626e-03 4.58471903e-03 4.92134382e-03 5.25824574e-03 5.59280998e-03 5.92242539e-03 6.24453841e-03 6.55670525e-03 6.85664069e-03 7.14226171e-03 7.41172434e-03 7.66345255e-03 7.89615812e-03 8.10885084e-03 8.30083864e-03 8.47171781e-03 8.62135363e-03 8.74985220e-03 8.85752461e-03 8.94484486e-03 9.01240333e-03 9.06085766e-03 9.09088342e-03 9.10312663e-03 9.09816059e-03 9.07644924e-03 9.03831907e-03 8.98394142e-03 8.91332639e-03 8.82632930e-03 8.72266982e-03 8.60196334e-03 8.46376330e-03 8.30761266e-03 8.13310194e-03 7.93993071e-03 7.72796924e-03 7.49731650e-03 7.24835099e-03 6.98177115e-03 6.69862246e-03 6.40030901e-03 6.08858851e-03 5.76555016e-03 5.43357630e-03 5.09528936e-03 4.75348679e-03 4.41106700e-03 4.07095025e-03 3.73599824e-03 3.40893634e-03 3.09228210e-03 2.78828303e-03 2.49886610e-03 2.22560049e-03 1.96967434e-03 1.73188535e-03 1.51264439e-03 1.31199055e-03 1.12961576e-03 9.64896450e-04 8.16930141e-04 6.84574308e-04 5.66485563e-04 4.61157189e-04 3.66953630e-04 2.82140939e-04 2.04912663e-04 1.33411120e-04 6.57444242e-05 0.00000000e+00
 0.00000000e+00 1.99966165e-05 4.07862629e-05 6.31705668e-05 8.79677944e-05 1.16019787e-04 1.48197264e-04 1.85402995e-04 2.28572391e-04 2.78671113e-04 3.36689395e-04 4.03632864e-04 4.80509746e-04 5.68314529e-04 6.68008247e-04 7.80495779e-04 9.06600690e-04 1.04703832e-03 1.20238801e-03 1.37306548e-03 1.55929643e-03 1.76109265e-03 1.97823167e-03 2.21024127e-03 2.45638973e-03 2.71568277e-03 2.98686778e-03 3.26844567e-03 3.55869043e-03 3.85567602e-03 4.15731008e-03 4.46137341e-03 4.76556399e-03 5.06754419e-03 5.36498941e-03 5.65563644e-03 5.93732991e-03 6.20806498e-03 6.46602478e-03 6.70961135e-03 6.93746877e-03 7.14849785e-03 7.34186177e-03 7.51698266e-03 7.67352923e-03 7.81139606e-03 7.93067542e-03 8.03162292e-03 8.11461830e-03 8.18012322e-03 8.22863794e-03 8.26065878e-03 8.27663856e-03 8.27695191e-03 8.26186743e-03 8.23152830e-03 8.18594260e-03 8.12498439e-03 8.04840574e-03 7.95585969e-03 7.84693336e-03 7.72118967e-03 7.57821594e-03 7.41767675e-03 7.23936836e-03 7.04327152e-03 6.82959959e-03 6.59883901e-03 6.35177932e-03 6.08953071e-03 5.81352742e-03 5.52551635e-03 5.22753097e-03 4.92185143e-03 4.61095267e-03 4.29744297e-03 3.98399583e-03 3.67327868e-03 3.36788158e-03 3.07024945e-03 2.78262073e-03 2.50697496e-03 2.24499118e-03 1.99801839e-03 1.76705831e-03 1.55276037e-03 1.35542784e-03 1.17503378e-03 1.01124486e-03 8.63451121e-04 7.30799489e-04 6.12228937e-04 5.06505526e-04 4.12255673e-04 3.27996464e-04 2.52162186e-04 1.83126678e-04 1.19221507e-04 5.87503132e-05 0.00000000e+00
 0.00000000e+00 1.80463897e-05 3.68104098e-05 5.70174314e-05 7.94077980e-05 1.04743046e-04 1.33810636e-04 1.67426733e-04 2.06436628e-04 2.51712453e-04 3.04147885e-04 3.64649672e-04 4.34125884e-04 5.13470944e-04 6.03547623e-04 7.05166358e-04 8.19062378e-04 9.45871327e-04 1.08610417e-03 1.24012234e-03 1.40811414e-03 1.59007349e-03 1.78578209e-03 1.99479609e-03 2.21643809e-03 2.44979533e-03 2.69372458e-03 2.94686398e-03 3.20765181e-03 3.47435199e-03 3.74508545e-03 4.01786664e-03 4.29064390e-03 4.56134230e-03 4.82790743e-03 5.08834856e-03 5.34077943e-03 5.58345530e-03 5.81480475e-03 6.03345512e-03 6.23825060e-03 6.42826237e-03 6.60279054e-03 6.76135776e-03 6.90369510e-03 7.02972063e-03 7.13951187e-03 7.23327328e-03 7.31130026e-03 7.37394140e-03 7.42156065e-03 7.45450125e-03 7.47305340e-03 7.47742710e-03 7.46773195e-03 7.44396504e-03 7.40600789e-03 7.35363300e-03 7.28651998e-03 7.20428088e-03 7.10649374e-03 6.99274277e-03 6.86266339e-03 6.71598977e-03 6.55260225e-03 6.37257202e-03 6.17620041e-03 5.96405028e-03 5.73696736e-03 5.49609001e-03 5.24284631e-03 4.97893810e-03 4.70631247e-03 4.42712178e-03 4.14367386e-03 3.85837489e-03 3.57366744e-03 3.29196679e-03 3.01559831e-03 2.74673883e-03 2.48736442e-03 2.23920661e-03 2.00371851e-03 1.78205167e-03 1.57504387e-03 1.38321741e-03 1.20678705e-03 1.04567615e-03 8.99539476e-04 7.67790680e-04 6.49632795e-04 5.44089786e-04 4.50037660e-04 3.66233761e-04 2.91343246e-04 2.23962072e-04 1.62636179e-04 1.05876921e-04 5.21730653e-05 0.00000000e+00
 0.00000000e+00 1.61880643e-05 3.30214654e-05 5.11524599e-05 7.12466822e-05 9.39886834e-05 1.20086116e-04 1.50272150e-04 1.85305751e-04 2.25969494e-04 2.73064673e-04 3.27403514e-04 3.89798456e-04 4.61048521e-04 5.41922983e-04 6.33142630e-04 7.35359127e-04 8.49133061e-04 9.74911433e-04 1.11300546e-03 1.26356959e-03 1.42658282e-03 1.60183314e-03 1.78890617e-03 1.98717878e-03 2.19581834e-03 2.41378806e-03 2.63985863e-03 2.87262619e-03 3.11053612e-03 3.35191211e-03 3.59498972e-03 3.83795298e-03 4.07897310e-03 4.31624754e-03 4.54803815e-03 4.77270676e-03 4.98874697e-03 5.19481081e-03 5.38972928e-03 5.57252604e-03 5.74242375e-03 5.89884290e-03 6.04139331e-03 6.16985881e-03 6.28417576e-03 6.38440660e-03 6.47070954e-03 6.54330592e-03 6.60244686e-03 6.64838064e-03 6.68132267e-03 6.70142953e-03 6.70877843e-03 6.70335346e-03 6.68503947e-03 6.65362421e-03 6.60880893e-03 6.55022729e-03 6.47747175e-03 6.39012660e-03 6.28780585e-03 6.17019434e-03 6.03708987e-03 5.88844403e-03 5.72439947e-03 5.54532139e-03 5.35182116e-03 5.14477060e-03 4.92530551e-03 4.69481802e-03 4.45493771e-03 4.20750197e-03 3.95451692e-03 3.69811061e-03 3.44048048e-03 3.18383771e-03 2.93035079e-03 2.68209098e-03 2.44098204e-03 2.20875607e-03 1.98691728e-03 1.77671469e-03 1.57912437e-03 1.39484115e-03 1.22427952e-03 1.06758263e-03 9.24638222e-04 7.95100005e-04 6.78412889e-04 5.73840398e-04 4.80492787e-04 3.97354470e-04 3.23309651e-04 2.57165308e-04 1.97670981e-04 1.43535147e-04 9.34382315e-05 4.60425892e-05 0.00000000e+00
 0.00000000e+00 1.44338759e-05 2.94444667e-05 4.56146307e-05 6.35390954e-05 8.38293543e-05 1.07117341e-04 1.34057507e-04 1.65326974e-04 2.01623469e-04 2.43660818e-04 2.92161855e-04 3.47848688e-04 4.11430380e-04 4.83588214e-04 5.64958849e-04 6.56115802e-04 7.57549814e-04 8.69648800e-04 9.92678147e-04 1.12676223e-03 1.27186804e-03 1.42779178e-03 1.59414933e-03 1.77037121e-03 1.95570272e-03 2.14920960e-03 2.34978934e-03 2.55618810e-03 2.76702284e-03 2.98080806e-03 3.19598624e-03 3.41096100e-03 3.62413163e-03 3.83392776e-03 4.03884278e-03 4.23746461e-03 4.42850270e-03 4.61081003e-03 4.78339946e-03 4.94545357e-03 5.09632791e-03 5.23554738e-03 5.36279628e-03 5.47790237e-03 5.58081586e-03 5.67158440e-03 5.75032524e-03 5.81719599e-03 5.87236550e-03 5.91598613e-03 5.94816915e-03 5.96896439e-03 5.97834533e-03 5.97620069e-03 5.96233310e-03 5.93646513e-03 5.89825275e-03 5.84730574e-03 5.78321431e-03 5.70558066e-03 5.61405419e-03 5.50836842e-03 5.38837786e-03 5.25409270e-03 5.10570950e-03 4.94363587e-03 4.76850766e-03 4.58119746e-03 4.38281340e-03 4.17468823e-03 3.95835863e-03 3.73553561e-03 3.50806720e-03 3.27789502e-03 3.04700667e-03 2.81738612e-03 2.59096424e-03 2.36957172e-03 2.15489613e-03 1.94844506e-03 1.75151630e-03 1.56517611e-03 1.39024587e-03 1.22729696e-03 1.07665343e-03 9.38401601e-04 8.12405404e-04 6.98326183e-04 5.95645543e-04 5.03689850e-04 4.21655066e-04 3.48630778e-04 2.83622475e-04 2.25571373e-04 1.73371354e-04 1.25882852e-04 8.19437680e-05 4.03776990e-05 0.00000000e+00
 0.00000000e+00 1.27927644e-05 2.60977265e-05 4.04325007e-05 5.63251594e-05 7.43185318e-05 9.49734041e-05 1.18870292e-04 1.46609485e-04 1.78809108e-04 2.16101004e-04 2.59124311e-04 3.08516680e-04 3.64903212e-04 4.28883249e-04 5.01015327e-04 5.81800670e-04 6.71665752e-04 7.70944547e-04 8.79861173e-04 9.98513710e-04 1.12685999e-03 1.26470612e-03 1.41169857e-03 1.56732034e-03 1.73089180e-03 1.90157646e-03 2.07839187e-03 2.26022542e-03 2.44585469e-03 2.63397187e-03 2.82321121e-03 3.01217876e-03 3.19948299e-03 3.38376532e-03 3.56372911e-03 3.73816607e-03 3.90597894e-03 4.06619941e-03 4.21800079e-03 4.36070472e-03 4.49378183e-03 4.61684644e-03 4.72964561e-03 4.83204316e-03 4.92399949e-03 5.00554831e-03 5.07677141e-03 5.13777276e-03 5.18865339e-03 5.22948817e-03 5.26030596e-03 5.28107410e-03 5.29168826e-03 5.29196829e-03 5.28166051e-03 5.26044662e-03 5.22795886e-03 5.18380106e-03 5.12757458e-03 5.05890795e-03 4.97748898e-03 4.88309752e-03 4.77563729e-03 4.65516508e-03 4.52191549e-03 4.37631994e-03 4.21901858e-03 4.05086414e-03 3.87291741e-03 3.68643408e-03 3.49284335e-03 3.29371918e-03 3.09074531e-03 2.88567558e-03 2.68029118e-03 2.47635694e-03 2.27557833e-03 2.07956100e-03 1.88977460e-03 1.70752209e-03 1.53391550e-03 1.36985884e-03 1.21603829e-03 1.07291952e-03 9.40751638e-04 8.19576869e-04 7.09245085e-04 6.09431893e-04 5.19659151e-04 4.39316655e-04 3.67683933e-04 3.03951143e-04 2.47238309e-04 1.96612315e-04 1.51101327e-04 1.09706489e-04 7.14110182e-05 3.51869528e-05 0.00000000e+00
 0.00000000e+00 1.12705507e-05 2.29931908e-05 3.56247534e-05 4.96312235e-05 6.54914846e-05 8.37000866e-05 1.04768742e-04 1.29226282e-04 1.57616856e-04 1.90496189e-04 2.28425799e-04 2.71965133e-04 3.21661685e-04 3.78039242e-04 4.41584518e-04 5.12732547e-04 5.91851287e-04 6.79226020e-04 7.75044162e-04 8.79381197e-04 9.92188428e-04 1.11328327e-03 1.24234272e-03 1.37890055e-03 1.52234870e-03 1.67194307e-03 1.82681379e-03 1.98597991e-03 2.14836795e-03 2.31283397e-03 2.47818826e-03 2.64322164e-03 2.80673254e-03 2.96755362e-03 3.12457674e-03 3.27677541e-03 3.42322361e-03 3.56311024e-03 3.69574860e-03 3.82058057e-03 3.93717530e-03 4.04522273e-03 4.14452212e-03 4.23496649e-03 4.31652354e-03 4.38921436e-03 4.45309078e-03 4.50821276e-03 4.55462689e-03 4.59234732e-03 4.62133994e-03 4.64151109e-03 4.65270113e-03 4.65468370e-03 4.64717069e-03 4.62982296e-03 4.60226643e-03 4.56411293e-03 4.51498486e-03 4.45454261e-03 4.38251331e-03 4.29871963e-03 4.20310687e-03 4.09576721e-03 3.97695941e-03 3.84712302e-03 3.70688597e-03 3.55706507e-03 3.39865903e-03 3.23283405e-03 3.06090263e-03 2.88429623e-03 2.70453300e-03 2.52318196e-03 2.34182511e-03 2.16201920e-03 1.98525864e-03 1.81294113e-03 1.64633728e-03 1.48656532e-03 1.33457155e-03 1.19111714e-03 1.05677109e-03 9.31909426e-04 8.16719866e-04 7.11211369e-04 6.15227593e-04 5.28463262e-04 4.50482388e-04 3.80737340e-04 3.18587808e-04 2.63318865e-04 2.14157467e-04 1.70286939e-04 1.30859159e-04 9.50043723e-05 6.18387075e-05 3.04696734e-05 0.00000000e+00
 0.00000000e+00 9.87017918e-06 2.01369325e-05 3.12009600e-05 4.34709167e-05 5.73666552e-05 7.33216016e-05 9.17840059e-05 1.13216832e-04 1.38096093e-04 1.66907475e-04 2.00141167e-04 2.38284861e-04 2.81814984e-04 3.31186301e-04 3.86820127e-04 4.49091475e-04 5.18315561e-04 5.94734178e-04 6.78502496e-04 7.69676915e-04 8.68204599e-04 9.73915310e-04 1.08651611e-03 1.20558941e-03 1.33059475e-03 1.46087446e-03 1.59566331e-03 1.73410193e-03 1.87525369e-03 2.01812445e-03 2.16168448e-03 2.30489177e-03 2.44671562e-03 2.58615972e-03 2.72228351e-03 2.85422108e-03 2.98119661e-03 3.10253583e-03 3.21767289e-03 3.32615250e-03 3.42762719e-03 3.52185006e-03 3.60866330e-03 3.68798324e-03 3.75978277e-03 3.82407193e-03 3.88087797e-03 3.93022571e-03 3.97211950e-03 4.00652758e-03 4.03336997e-03 4.05251043e-03 4.06375313e-03 4.06684442e-03 4.06147963e-03 4.04731485e-03 4.02398316e-03 3.99111475e-03 3.94835995e-03 3.89541401e-03 3.83204272e-03 3.75810718e-03 3.67358684e-03 3.57859919e-03 3.47341526e-03 3.35846984e-03 3.23436580e-03 3.10187198e-03 2.96191473e-03 2.81556305e-03 2.66400811e-03 2.50853781e-03 2.35050743e-03 2.19130767e-03 2.03233143e-03 1.87494064e-03 1.72043456e-03 1.57002076e-03 1.42478987e-03 1.28569486e-03 1.15353548e-03 1.02894814e-03 9.12401144e-04 8.04195168e-04 7.04468346e-04 6.13205396e-04 5.30249922e-04 4.55319052e-04 3.88019487e-04 3.27864130e-04 2.74288468e-04 2.26666079e-04 1.84322695e-04 1.46548464e-04 1.12608198e-04 8.17495357e-05 5.32091333e-05 2.62170973e-05 0.00000000e+00
 0.00000000e+00 8.59200982e-06 1.75297451e-05 2.71624960e-05 3.78464206e-05 4.99473324e-05 6.38427243e-05 7.99228038e-05 9.85903328e-05 1.20259101e-04 1.45350906e-04 1.74290953e-04 2.07501667e-04 2.45394968e-04 2.88363131e-04 3.36768452e-04 3.90932022e-04 4.51121974e-04 5.17541654e-04 5.90318232e-04 6.69492285e-04 7.55008920e-04 8.46710962e-04 9.44334718e-04 1.04750872e-03 1.15575574e-03 1.26849827e-03 1.38506745e-03 1.50471525e-03 1.62662963e-03 1.74995213e-03 1.87379725e-03 1.99727279e-03 2.11950039e-03 2.23963531e-03 2.35688461e-03 2.47052285e-03 2.57990470e-03 2.68447382e-03 2.78376761e-03 2.87741779e-03 2.96514666e-03 3.04675949e-03 3.12213334e-03 3.19120301e-03 3.25394497e-03 3.31036006e-03 3.36045594e-03 3.40423039e-03 3.44165617e-03 3.47266861e-03 3.49715633e-03 3.51495604e-03 3.52585150e-03 3.52957709e-03 3.52582574e-03 3.51426112e-03 3.49453352e-03 3.46629875e-03 3.42923922e-03 3.38308617e-03 3.32764203e-03 3.26280164e-03 3.18857146e-03 3.10508550e-03 3.01261716e-03 2.91158636e-03 2.80256123e-03 2.68625433e-03 2.56351327e-03 2.43530608e-03 2.30270188e-03 2.16684754e-03 2.02894137e-03 1.89020501e-03 1.75185442e-03 1.61507146e-03 1.48097700e-03 1.35060660e-03 1.22488967e-03 1.10463266e-03 9.90506771e-04 8.83040360e-04 7.82615904e-04 6.89471359e-04 6.03705385e-04 5.25285869e-04 4.54061033e-04 3.89772379e-04 3.32068718e-04 2.80520536e-04 2.34634063e-04 1.93864487e-04 1.57627860e-04 1.25311423e-04 9.62821594e-05 6.98935541e-05 4.54906494e-05 2.24135973e-05 0.00000000e+00
 0.00000000e+00 7.43414060e-06 1.51678008e-05 2.35035592e-05 3.27498846e-05 4.32235144e-05 5.52511679e-05 6.91703932e-05 8.53293728e-05 1.04085537e-04 1.25802875e-04 1.50847877e-04 1.79584101e-04 2.12365398e-04 2.49527943e-04 2.91381235e-04 3.38198347e-04 3.90205757e-04 4.47573158e-04 5.10403689e-04 5.78725063e-04 6.52482096e-04 7.31531074e-04 8.15636412e-04 9.04469946e-04 9.97613096e-04 1.09456205e-03 1.19473594e-03 1.29748780e-03 1.40211813e-03 1.50789036e-03 1.61404782e-03 1.71983150e-03 1.82449767e-03 1.92733479e-03 2.02767877e-03 2.12492599e-03 2.21854344e-03 2.30807542e-03 2.39314669e-03 2.47346184e-03 2.54880094e-03 2.61901188e-03 2.68399971e-03 2.74371374e-03 2.79813296e-03 2.84725083e-03 2.89106006e-03 2.92953845e-03 2.96263647e-03 2.99026739e-03 3.01230059e-03 3.02855836e-03 3.03881670e-03 3.04281001e-03 3.04023964e-03 3.03078594e-03 3.01412338e-03 2.98993797e-03 2.95794627e-03 2.91791502e-03 2.86968044e-03 2.81316623e-03 2.74839937e-03 2.67552284e-03 2.59480451e-03 2.50664173e-03 2.41156117e-03 2.31021396e-03 2.20336597e-03 2.09188377e-03 1.97671680e-03 1.85887628e-03 1.73941195e-03 1.61938747e-03 1.49985549e-03 1.38183341e-03 1.26628077e-03 1.15407904e-03 1.04601453e-03 9.42764880e-04 8.44889491e-04 7.52823872e-04 6.66877952e-04 5.87237997e-04 5.13971744e-04 4.47036225e-04 3.86287669e-04 3.31492845e-04 2.82341203e-04 2.38457213e-04 1.99412343e-04 1.64736248e-04 1.33926789e-04 1.06458662e-04 8.17905020e-05 5.93704372e-05 3.86401958e-05 1.90379278e-05 0.00000000e+00
 0.00000000e+00 6.39274528e-06 1.30433386e-05 2.02122358e-05 2.81649097e-05 3.71738668e-05 4.75200855e-05 5.94937034e-05 7.33938003e-05 8.95271497e-05 1.08205844e-04 1.29743736e-04 1.54451698e-04 1.82631732e-04 2.14570053e-04 2.50529308e-04 2.90740169e-04 3.35392588e-04 3.84627076e-04 4.38526380e-04 4.97107988e-04 5.60317875e-04 6.28025891e-04 7.00023172e-04 7.76021845e-04 8.55657252e-04 9.38492777e-04 1.02402725e-03 1.11170476e-03 1.20092657e-03 1.29106475e-03 1.38147686e-03 1.47152131e-03 1.56057239e-03 1.64803463e-03 1.73335552e-03 1.81603617e-03 1.89563935e-03 1.97179454e-03 2.04419969e-03 2.11261981e-03 2.17688230e-03 2.23686947e-03 2.29250867e-03 2.34376044e-03 2.39060569e-03 2.43303227e-03 2.47102203e-03 2.50453889e-03 2.53351878e-03 2.55786197e-03 2.57742831e-03 2.59203575e-03 2.60146231e-03 2.60545145e-03 2.60372076e-03 2.59597356e-03 2.58191291e-03 2.56125744e-03 2.53375819e-03 2.49921575e-03 2.45749673e-03 2.40854890e-03 2.35241399e-03 2.28923770e-03 2.21927623e-03 2.14289891e-03 2.06058679e-03 1.97292705e-03 1.88060352e-03 1.78438353e-03 1.68510161e-03 1.58364085e-03 1.48091248e-03 1.37783459e-03 1.27531090e-03 1.17421026e-03 1.07534778e-03 9.79468186e-04 8.87231894e-04 7.99204275e-04 7.15848222e-04 6.37520126e-04 5.64469104e-04 4.96839253e-04 4.34674536e-04 3.77925845e-04 3.26459731e-04 2.80068246e-04 2.38479368e-04 2.01367501e-04 1.68363621e-04 1.39064669e-04 1.13041934e-04 8.98482188e-05 6.90236947e-05 5.01004468e-05 3.26057804e-05 1.60644464e-05 0.00000000e+00
 0.00000000e+00 5.46241110e-06 1.11453540e-05 1.72715681e-05 2.40680372e-05 3.17676872e-05 4.06105843e-05 5.08444869e-05 6.27246184e-05 7.65125517e-05 9.24741270e-05 1.10876356e-04 1.31983310e-04 1.56051035e-04 1.83321594e-04 2.14016381e-04 2.48328920e-04 2.86417399e-04 3.28397255e-04 3.74334136e-04 4.24237601e-04 4.78055938e-04 5.35672414e-04 5.96903302e-04 6.61497899e-04 7.29140727e-04 7.99455968e-04 8.72014107e-04 9.46340606e-04 1.02192635e-03 1.09823946e-03 1.17473805e-03 1.25088323e-03 1.32615202e-03 1.40004929e-03 1.47211837e-03 1.54194969e-03 1.60918707e-03 1.67353139e-03 1.73474138e-03 1.79263167e-03 1.84706805e-03 1.89796036e-03 1.94525345e-03 1.98891662e-03 2.02893226e-03 2.06528432e-03 2.09794731e-03 2.12687638e-03 2.15199928e-03 2.17321047e-03 2.19036796e-03 2.20329303e-03 2.21177297e-03 2.21556676e-03 2.21441359e-03 2.20804362e-03 2.19619083e-03 2.17860712e-03 2.15507706e-03 2.12543264e-03 2.08956725e-03 2.04744811e-03 1.99912671e-03 1.94474648e-03 1.88454741e-03 1.81886730e-03 1.74813946e-03 1.67288688e-03 1.59371323e-03 1.51129071e-03 1.42634561e-03 1.33964180e-03 1.25196316e-03 1.16409530e-03 1.07680763e-03 9.90836211e-04 9.06868096e-04 8.25527722e-04 7.47365696e-04 6.72850295e-04 6.02361807e-04 5.36189710e-04 4.74532584e-04 4.17500490e-04 3.65119509e-04 3.17338032e-04 2.74034363e-04 2.35025184e-04 2.00074425e-04 1.68902146e-04 1.41193045e-04 1.16604311e-04 9.47725745e-05 7.53198244e-05 5.78582074e-05 4.19937149e-05 2.73288312e-05 1.34642725e-05 0.00000000e+00
 0.00000000e+00 4.63646375e-06 9.46026144e-06 1.46605830e-05 2.04301836e-05 2.69668025e-05 3.44741547e-05 4.31623687e-05 5.32477577e-05 6.49518337e-05 7.84994945e-05 9.41163500e-05 1.12025184e-04 1.32441596e-04 1.55568900e-04 1.81592428e-04 2.10673400e-04 2.42942600e-04 2.78494111e-04 3.17379401e-04 3.59602082e-04 4.05113626e-04 4.53810363e-04 5.05531995e-04 5.60061838e-04 6.17128943e-04 6.76412114e-04 7.37545798e-04 8.00127695e-04 8.63727821e-04 9.27898698e-04 9.92186247e-04 1.05614089e-03 1.11932834e-03 1.18133966e-03 1.24179988e-03 1.30037501e-03 1.35677690e-03 1.41076583e-03 1.46215056e-03 1.51078608e-03 1.55656899e-03 1.59943091e-03 1.63933036e-03 1.67624338e-03 1.71015367e-03 1.74104280e-03 1.76888085e-03 1.79361840e-03 1.81518004e-03 1.83346005e-03 1.84832037e-03 1.85959123e-03 1.86707430e-03 1.87054839e-03 1.86977746e-03 1.86452056e-03 1.85454326e-03 1.83963005e-03 1.81959715e-03 1.79430503e-03 1.76367007e-03 1.72767484e-03 1.68637631e-03 1.63991177e-03 1.58850191e-03 1.53245107e-03 1.47214442e-03 1.40804223e-03 1.34067146e-03 1.27061484e-03 1.19849817e-03 1.12497598e-03 1.05071645e-03 9.76385985e-04 9.02634122e-04 8.30079328e-04 7.59296132e-04 6.90804077e-04 6.25058748e-04 5.62445123e-04 5.03273305e-04 4.47776634e-04 3.96112043e-04 3.48362433e-04 3.04540800e-04 2.64595759e-04 2.28418095e-04 1.95847971e-04 1.66682423e-04 1.40682800e-04 1.17581857e-04 9.70902628e-05 7.89023309e-05 6.27008690e-05 4.81610849e-05 3.49535601e-05 2.27463534e-05 1.12063491e-05 0.00000000e+00
 0.00000000e+00 3.90726955e-06 7.97251221e-06 1.23552498e-05 1.72179765e-05 2.27273365e-05 2.90549369e-05 3.63776921e-05 4.48776010e-05 5.47408832e-05 6.61564146e-05 7.93134362e-05 9.43985337e-05 1.11591928e-04 1.31063148e-04 1.52966205e-04 1.77434422e-04 2.04575109e-04 2.34464313e-04 2.67141890e-04 3.02607165e-04 3.40815435e-04 3.81675569e-04 4.25048927e-04 4.70749748e-04 5.18547132e-04 5.68168643e-04 6.19305479e-04 6.71619065e-04 7.24748866e-04 7.78321083e-04 8.31957900e-04 8.85286838e-04 9.37949788e-04 9.89611280e-04 1.03996557e-03 1.08874220e-03 1.13570971e-03 1.18067736e-03 1.22349478e-03 1.26404947e-03 1.30226255e-03 1.33808271e-03 1.37147897e-03 1.40243260e-03 1.43092860e-03 1.45694738e-03 1.48045706e-03 1.50140690e-03 1.51972224e-03 1.53530134e-03 1.54801427e-03 1.55770409e-03 1.56419015e-03 1.56727360e-03 1.56674479e-03 1.56239211e-03 1.55401216e-03 1.54142045e-03 1.52446232e-03 1.50302351e-03 1.47703982e-03 1.44650539e-03 1.41147922e-03 1.37208956e-03 1.32853589e-03 1.28108848e-03 1.23008527e-03 1.17592652e-03 1.11906709e-03 1.06000684e-03 9.99279512e-04 9.37440520e-04 8.75054121e-04 8.12680497e-04 7.50863215e-04 6.90117526e-04 6.30919903e-04 5.73699130e-04 5.18829199e-04 4.66624146e-04 4.17334890e-04 3.71148024e-04 3.28186455e-04 2.88511677e-04 2.52127447e-04 2.18984575e-04 1.88986510e-04 1.61995420e-04 1.37838465e-04 1.16313981e-04 9.71973485e-05 8.02463419e-05 6.52058217e-05 5.18116800e-05 3.97939975e-05 2.88794241e-05 1.87928389e-05 9.25838387e-06 0.00000000e+00
 0.00000000e+00 3.26650674e-06 6.66514795e-06 1.03293399e-05 1.43949570e-05 1.90013006e-05 2.42917611e-05 3.04140843e-05 3.75201616e-05 4.57652807e-05 5.53067889e-05 6.63021458e-05 7.89063688e-05 9.32689024e-05 1.09529978e-04 1.27816561e-04 1.48238024e-04 1.70881704e-04 1.95808534e-04 2.23048974e-04 2.52599443e-04 2.84419488e-04 3.18429889e-04 3.54511885e-04 3.92507652e-04 4.32222118e-04 4.73426147e-04 5.15861014e-04 5.59244080e-04 6.03275435e-04 6.47645271e-04 6.92041650e-04 7.36158318e-04 7.79702189e-04 8.22400124e-04 8.64004661e-04 9.04298401e-04 9.43096814e-04 9.80249321e-04 1.01563861e-03 1.04917820e-03 1.08080849e-03 1.11049138e-03 1.13820398e-03 1.16393159e-03 1.18766051e-03 1.20937108e-03 1.22903134e-03 1.24659177e-03 1.26198133e-03 1.27510525e-03 1.28584458e-03 1.29405764e-03 1.29958336e-03 1.30224638e-03 1.30186368e-03 1.29825248e-03 1.29123889e-03 1.28066722e-03 1.26640910e-03 1.24837229e-03 1.22650860e-03 1.20082050e-03 1.17136623e-03 1.13826299e-03 1.10168809e-03 1.06187805e-03 1.01912554e-03 9.73774354e-04 9.26212566e-04 8.76864203e-04 8.26179689e-04 7.74625502e-04 7.22673435e-04 6.70789865e-04 6.19425437e-04 5.69005528e-04 5.19921792e-04 4.72525057e-04 4.27119734e-04 3.83959860e-04 3.43246785e-04 3.05128462e-04 2.69700238e-04 2.37006952e-04 2.07046164e-04 1.79772245e-04 1.55101090e-04 1.32915194e-04 1.13068858e-04 9.53932784e-05 7.97013630e-05 6.57920930e-05 5.34543340e-05 4.24700212e-05 3.26166913e-05 2.36693748e-05 1.54018943e-05 7.58765056e-06 0.00000000e+00
 0.00000000e+00 2.70540050e-06 5.52028111e-06 8.55517295e-06 1.19226213e-05 1.57379750e-05 2.01199207e-05 2.51906864e-05 3.10758489e-05 3.79036915e-05 4.58040739e-05 5.49067950e-05 6.53394536e-05 7.72248329e-05 9.06778671e-05 1.05802274e-04 1.22686964e-04 1.41402370e-04 1.61996853e-04 1.84493362e-04 2.08886536e-04 2.35140430e-04 2.63187035e-04 2.92925741e-04 3.24223850e-04 3.56918209e-04 3.90817972e-04 4.25708441e-04 4.61355873e-04 4.97513085e-04 5.33925621e-04 5.70338222e-04 6.06501284e-04 6.42176997e-04 6.77144856e-04 7.11206243e-04 7.44187859e-04 7.75943802e-04 8.06356192e-04 8.35334309e-04 8.62812301e-04 8.88745595e-04 9.13106242e-04 9.35877456e-04 9.57047695e-04 9.76604629e-04 9.94529376e-04 1.01079136e-03 1.02534410e-03 1.03812224e-03 1.04903999e-03 1.05799111e-03 1.06485056e-03 1.06947760e-03 1.07172048e-03 1.07142221e-03 1.06842741e-03 1.06258976e-03 1.05377974e-03 1.04189230e-03 1.02685409e-03 1.00862981e-03 9.87227521e-04 9.62702518e-04 9.35159623e-04 9.04753774e-04 8.71688839e-04 8.36214720e-04 7.98622824e-04 7.59240109e-04 7.18421927e-04 6.76543967e-04 6.33993603e-04 5.91161002e-04 5.48430318e-04 5.06171289e-04 4.64731545e-04 4.24429843e-04 3.85550456e-04 3.48338821e-04 3.12998530e-04 2.79689675e-04 2.48528484e-04 2.19588163e-04 1.92900791e-04 1.68460090e-04 1.46224882e-04 1.26123013e-04 1.08055549e-04 9.19010405e-05 7.75196832e-05 6.47572232e-05 5.34484859e-05 4.34204415e-05 3.44947547e-05 2.64897982e-05 1.92221430e-05 1.25075662e-05 6.16164175e-06 0.00000000e+00
 0.00000000e+00 2.21491832e-06 4.51949426e-06 7.00423751e-06 9.76128943e-06 1.28850595e-05 1.64726510e-05 2.06240153e-05 2.54417787e-05 3.10307002e-05 3.74967286e-05 4.49456437e-05 5.34812862e-05 6.32033997e-05 7.42051336e-05 8.65702768e-05 1.00370316e-04 1.15661438e-04 1.32481598e-04 1.50847821e-04 1.70753868e-04 1.92168428e-04 2.15033978e-04 2.39266421e-04 2.64755597e-04 2.91366722e-04 3.18942741e-04 3.47307574e-04 3.76270137e-04 4.05628999e-04 4.35177484e-04 4.64708984e-04 4.94022242e-04 5.22926323e-04 5.51245041e-04 5.78820591e-04 6.05516198e-04 6.31217632e-04 6.55833512e-04 6.79294381e-04 7.01550610e-04 7.22569256e-04 7.42330063e-04 7.60820852e-04 7.78032569e-04 7.93954316e-04 8.08568641e-04 8.21847412e-04 8.33748518e-04 8.44213624e-04 8.53167143e-04 8.60516516e-04 8.66153820e-04 8.69958661e-04 8.71802232e-04 8.71552348e-04 8.69079231e-04 8.64261765e-04 8.56993922e-04 8.47191048e-04 8.34795702e-04 8.19782764e-04 8.02163563e-04 7.81988810e-04 7.59350209e-04 7.34380631e-04 7.07252853e-04 6.78176894e-04 6.47396055e-04 6.15181825e-04 5.81827864e-04 5.47643293e-04 5.12945574e-04 4.78053245e-04 4.43278782e-04 4.08921844e-04 3.75263135e-04 3.42559060e-04 3.11037333e-04 2.80893632e-04 2.52289336e-04 2.25350362e-04 2.00167037e-04 1.76794924e-04 1.55256479e-04 1.35543397e-04 1.17619477e-04 1.01423851e-04 8.68744044e-05 7.38712328e-05 6.22999961e-05 5.20350547e-05 4.29422906e-05 3.48815473e-05 2.77086497e-05 2.12769886e-05 1.54386834e-05 1.00453559e-05 4.94856888e-06 0.00000000e+00
 0.00000000e+00 1.78592472e-06 3.64415639e-06 5.64768261e-06 7.87079344e-06 1.03895871e-05 1.32823046e-05 1.66294444e-05 2.05136116e-05 2.50190685e-05 3.02309612e-05 3.62342099e-05 4.31120685e-05 5.09443722e-05 5.98055138e-05 6.97622070e-05 8.08711133e-05 9.31764277e-05 1.06707532e-04 1.21476837e-04 1.37477932e-04 1.54684169e-04 1.73047797e-04 1.92499725e-04 2.12950009e-04 2.34289075e-04 2.56389696e-04 2.79109678e-04 3.02295161e-04 3.25784430e-04 3.49412063e-04 3.73013224e-04 3.96427917e-04 4.19504955e-04 4.42105463e-04 4.64105718e-04 4.85399161e-04 5.05897486e-04 5.25530732e-04 5.44246375e-04 5.62007483e-04 5.78790029e-04 5.94579541e-04 6.09367282e-04 6.23146198e-04 6.35906875e-04 6.47633773e-04 6.58301957e-04 6.67874552e-04 6.76301080e-04 6.83516811e-04 6.89443191e-04 6.93989355e-04 6.97054675e-04 6.98532232e-04 6.98313052e-04 6.96290914e-04 6.92367489e-04 6.86457575e-04 6.78494156e-04 6.68433058e-04 6.56256963e-04 6.41978584e-04 6.25642860e-04 6.07328036e-04 5.87145594e-04 5.65239021e-04 5.41781453e-04 5.16972303e-04 4.91033004e-04 4.64202050e-04 4.36729516e-04 4.08871302e-04 3.80883291e-04 3.53015659e-04 3.25507528e-04 2.98582137e-04 2.72442682e-04 2.47268925e-04 2.23214655e-04 2.00406012e-04 1.78940690e-04 1.58887951e-04 1.40289389e-04 1.23160340e-04 1.07491826e-04 9.32528875e-05 8.03931957e-05 6.88457936e-05 5.85298557e-05 4.93533533e-05 4.12155353e-05 3.40091517e-05 2.76223693e-05 2.19403494e-05 1.68464795e-05 1.22232678e-05 7.95293018e-06 3.91771212e-06 0.00000000e+00
 0.00000000e+00 1.40929576e-06 2.87565724e-06 4.45668266e-06 6.21098853e-06 8.19860327e-06 1.04812254e-05 1.31223064e-05 1.61869245e-05 1.97414213e-05 2.38527814e-05 2.85877477e-05 3.40116750e-05 4.01871388e-05 4.71723313e-05 5.50192918e-05 6.37720336e-05 7.34646424e-05 8.41194340e-05 9.57452659e-05 1.08336101e-04 1.21869920e-04 1.36308072e-04 1.51595134e-04 1.67659337e-04 1.84413589e-04 2.01757078e-04 2.19577447e-04 2.37753438e-04 2.56157939e-04 2.74661274e-04 2.93134607e-04 3.11453282e-04 3.29499934e-04 3.47167203e-04 3.64359909e-04 3.80996557e-04 3.97010103e-04 4.12347912e-04 4.26970941e-04 4.40852161e-04 4.53974348e-04 4.66327342e-04 4.77904971e-04 4.88701809e-04 4.98709973e-04 5.07916171e-04 5.16299171e-04 5.23827872e-04 5.30460099e-04 5.36142215e-04 5.40809608e-04 5.44388026e-04 5.46795738e-04 5.47946407e-04 5.47752557e-04 5.46129452e-04 5.42999220e-04 5.38295002e-04 5.31964944e-04 5.23975818e-04 5.14316114e-04 5.02998436e-04 4.90061104e-04 4.75568865e-04 4.59612682e-04 4.42308617e-04 4.23795830e-04 4.04233796e-04 3.83798854e-04 3.62680214e-04 3.41075602e-04 3.19186703e-04 2.97214579e-04 2.75355223e-04 2.53795419e-04 2.32709015e-04 2.12253749e-04 1.92568681e-04 1.73772296e-04 1.55961292e-04 1.39210040e-04 1.23570683e-04 1.09073797e-04 9.57295633e-05 8.35293238e-05 7.24474461e-05 6.24433809e-05 5.34638150e-05 4.54448267e-05 3.83139599e-05 3.19921471e-05 2.63954276e-05 2.14364220e-05 1.70255421e-05 1.30719295e-05 9.48413215e-06 6.17054234e-06 3.03962762e-06 0.00000000e+00
 0.00000000e+00 1.07599559e-06 2.19556405e-06 3.40268174e-06 4.74209613e-06 6.25962276e-06 8.00233821e-06 1.00186390e-05 1.23581396e-05 1.50713896e-05 1.82093937e-05 2.18229301e-05 2.59616690e-05 3.06731043e-05 3.60013254e-05 4.19856626e-05 4.86592567e-05 5.60476100e-05 6.41671855e-05 7.30241284e-05 8.26131843e-05 9.29168885e-05 1.03905093e-04 1.15534889e-04 1.27750963e-04 1.40486406e-04 1.53663982e-04 1.67197806e-04 1.80995403e-04 1.94960051e-04 2.08993306e-04 2.22997613e-04 2.36878843e-04 2.50548649e-04 2.63926515e-04 2.76941361e-04 2.89532651e-04 3.01650900e-04 3.13257586e-04 3.24324444e-04 3.34832198e-04 3.44768803e-04 3.54127303e-04 3.62903435e-04 3.71093134e-04 3.78690076e-04 3.85683443e-04 3.92056021e-04 3.97782786e-04 4.02830047e-04 4.07155241e-04 4.10707390e-04 4.13428223e-04 4.15253913e-04 4.16117364e-04 4.15950925e-04 4.14689411e-04 4.12273288e-04 4.08651854e-04 4.03786277e-04 3.97652323e-04 3.90242665e-04 3.81568640e-04 3.71661385e-04 3.60572283e-04 3.48372707e-04 3.35153068e-04 3.21021200e-04 3.06100162e-04 2.90525535e-04 2.74442339e-04 2.58001683e-04 2.41357283e-04 2.24661982e-04 2.08064395e-04 1.91705790e-04 1.75717314e-04 1.60217629e-04 1.45311030e-04 1.31086064e-04 1.17614675e-04 1.04951853e-04 9.31357587e-05 8.21882764e-05 7.21159319e-05 6.29111052e-05 5.45534611e-05 4.70115196e-05 4.02442909e-05 3.42029059e-05 2.88321792e-05 2.40720552e-05 1.98588945e-05 1.61265762e-05 1.28073978e-05 9.83277043e-06 7.13371646e-06 4.64118688e-06 2.28622365e-06 0.00000000e+00
 0.00000000e+00 7.77118445e-07 1.58570778e-06 2.45752847e-06 3.42489414e-06 4.52088389e-06 5.77947929e-06 7.23560416e-06 8.92504795e-06 1.08842578e-05 1.31499887e-05 1.57588070e-05 1.87464506e-05 2.21470538e-05 2.59922579e-05 3.03102310e-05 3.51246349e-05 4.04535802e-05 4.63086182e-05 5.26938234e-05 5.96050217e-05 6.70292154e-05 7.49442565e-05 8.33188064e-05 9.21126115e-05 1.01277108e-04 1.10756355e-04 1.20488268e-04 1.30406120e-04 1.40440245e-04 1.50519878e-04 1.60575032e-04 1.70538335e-04 1.80346716e-04 1.89942867e-04 1.99276378e-04 2.08304504e-04 2.16992493e-04 2.25313485e-04 2.33247957e-04 2.40782769e-04 2.47909857e-04 2.54624651e-04 2.60924327e-04 2.66805986e-04 2.72264881e-04 2.77292809e-04 2.81876759e-04 2.85997923e-04 2.89631122e-04 2.92744701e-04 2.95300916e-04 2.97256798e-04 2.98565467e-04 2.99177821e-04 2.99044549e-04 2.98118341e-04 2.96356202e-04 2.93721763e-04 2.90187459e-04 2.85736486e-04 2.80364431e-04 2.74080498e-04 2.66908276e-04 2.58886007e-04 2.50066346e-04 2.40515616e-04 2.30312590e-04 2.19546861e-04 2.08316859e-04 1.96727597e-04 1.84888242e-04 1.72909605e-04 1.60901634e-04 1.48971017e-04 1.37218958e-04 1.25739211e-04 1.14616414e-04 1.03924767e-04 9.37270859e-05 8.40742172e-05 7.50048214e-05 6.65454936e-05 5.87111867e-05 5.15058911e-05 4.49235217e-05 3.89489552e-05 3.35591630e-05 2.87243871e-05 2.44093076e-05 2.05741597e-05 1.71757643e-05 1.41684429e-05 1.15047990e-05 9.13635460e-06 7.01403956e-06 5.08854006e-06 3.31051802e-06 1.63072015e-06 0.00000000e+00
 0.00000000e+00 5.03900555e-07 1.02820781e-06 1.59351535e-06 2.22077360e-06 2.93142650e-06 3.74749917e-06 4.69162232e-06 5.78698122e-06 7.05717913e-06 8.52600876e-06 1.02171287e-05 1.21536464e-05 1.43576146e-05 1.68494529e-05 1.96473117e-05 2.27664021e-05 2.62183191e-05 3.00103897e-05 3.41450814e-05 3.86195052e-05 4.34250489e-05 4.85471717e-05 5.39653858e-05 5.96534443e-05 6.55797424e-05 7.17079308e-05 7.79977259e-05 8.44058899e-05 9.08873425e-05 9.73963556e-05 1.03887774e-04 1.10318203e-04 1.16647099e-04 1.22837701e-04 1.28857766e-04 1.34680037e-04 1.40282453e-04 1.45648051e-04 1.50764593e-04 1.55623929e-04 1.60221128e-04 1.64553441e-04 1.68619155e-04 1.72416404e-04 1.75942024e-04 1.79190510e-04 1.82153152e-04 1.84817411e-04 1.87166561e-04 1.89179650e-04 1.90831776e-04 1.92094669e-04 1.92937573e-04 1.93328362e-04 1.93234864e-04 1.92626310e-04 1.91474843e-04 1.89757013e-04 1.87455194e-04 1.84558835e-04 1.81065501e-04 1.76981653e-04 1.72323113e-04 1.67115218e-04 1.61392633e-04 1.55198842e-04 1.48585337e-04 1.41610541e-04 1.34338502e-04 1.26837426e-04 1.19178097e-04 1.11432248e-04 1.03670944e-04 9.59630367e-05 8.83737411e-05 8.09633741e-05 7.37862963e-05 6.68900769e-05 6.03148956e-05 5.40931855e-05 4.82495084e-05 4.28006468e-05 3.77558896e-05 3.31174810e-05 2.88812002e-05 2.50370358e-05 2.15699202e-05 1.84604886e-05 1.56858314e-05 1.32202131e-05 1.10357332e-05 9.10291281e-06 7.39119457e-06 5.86934841e-06 4.50578321e-06 3.26876725e-06 2.12656597e-06 1.04750879e-06 0.00000000e+00
 0.00000000e+00 2.47707087e-07 5.05445720e-07 7.83339036e-07 1.09168505e-06 1.44102349e-06 1.84217858e-06 2.30627061e-06 2.84469042e-06 3.46903177e-06 4.19097849e-06 5.02214481e-06 5.97386999e-06 7.05697017e-06 8.28145365e-06 9.65620810e-06 1.11886710e-05 1.28844974e-05 1.47472398e-05 1.67780582e-05 1.89754773e-05 2.13352079e-05 2.38500475e-05 2.65098746e-05 2.93017426e-05 3.22100805e-05 3.52169969e-05 3.83026813e-05 4.14458876e-05 4.46244833e-05 4.78160368e-05 5.09984191e-05 5.41503857e-05 5.72521115e-05 6.02856475e-05 6.32352748e-05 6.60877349e-05 6.88323226e-05 7.14608363e-05 7.39673869e-05 7.63480777e-05 7.86005740e-05 8.07235882e-05 8.27163125e-05 8.45778345e-05 8.63065718e-05 8.78997626e-05 8.93530443e-05 9.06601489e-05 9.18127367e-05 9.28003820e-05 9.36107160e-05 9.42297232e-05 9.46421790e-05 9.48322088e-05 9.47839420e-05 9.44822286e-05 9.39133844e-05 9.30659270e-05 9.19312681e-05 9.05043277e-05 8.87840404e-05 8.67737300e-05 8.44813344e-05 8.19194705e-05 7.91053350e-05 7.60604466e-05 7.28102402e-05 6.93835300e-05 6.58118658e-05 6.21288067e-05 5.83691437e-05 5.45680993e-05 5.07605355e-05 4.69801969e-05 4.32590149e-05 3.96264945e-05 3.61091991e-05 3.27303466e-05 2.95095213e-05 2.64625037e-05 2.36012147e-05 2.09337646e-05 1.84645972e-05 1.61947125e-05 1.41219534e-05 1.22413375e-05 1.05454178e-05 9.02465509e-06 7.66778633e-06 6.46217602e-06 5.39413933e-06 4.44922825e-06 3.61247512e-06 2.86859026e-06 2.20211335e-06 1.59752015e-06 1.03928888e-06 5.11931888e-07 0.00000000e+00
 0.00000000e+00 0.00000000e+00 0.00000000e+00 0.00000000e+00 0.00000000e+00 0.00000000e+00 0.00000000e+00 0.00000000e+00 0.00000000e+00 0.00000000e+00 0.00000000e+00 0.00000000e+00 0.00000000e+00 0.00000000e+00 0.00000000e+00 0.00000000e+00 0.00000000e+00 0.00000000e+00 0.00000000e+00 0.00000000e+00 0.00000000e+00 0.00000000e+00 0.00000000e+00 0.00000000e+00 0.00000000e+00 0.00000000e+00 0.00000000e+00 0.00000000e+00 0.00000000e+00 0.00000000e+00 0.00000000e+00 0.00000000e+00 0.00000000e+00 0.00000000e+00 0.00000000e+00 0.00000000e+00 0.00000000e+00 0.00000000e+00 0.00000000e+00 0.00000000e+00 0.00000000e+00 0.00000000e+00 0.00000000e+00 0.00000000e+00 0.00000000e+00 0.00000000e+00 0.00000000e+00 0.00000000e+00 0.00000000e+00 0.00000000e+00 0.00000000e+00 0.00000000e+00 0.00000000e+00 0.00000000e+00 0.00000000e+00 0.00000000e+00 0.00000000e+00 0.00000000e+00 0.00000000e+00 0.00000000e+00 0.00000000e+00 0.00000000e+00 0.00000000e+00 0.00000000e+00 0.00000000e+00 0.00000000e+00 0.00000000e+00 0.00000000e+00 0.00000000e+00 0.00000000e+00 0.00000000e+00 0.00000000e+00 0.00000000e+00 0.00000000e+00 0.00000000e+00 0.00000000e+00 0.00000000e+00 0.00000000e+00 0.00000000e+00 0.00000000e+00 0.00000000e+00 0.00000000e+00 0.00000000e+00 0.00000000e+00 0.00000000e+00 0.00000000e+00 0.00000000e+00 0.00000000e+00 0.00000000e+00 0.00000000e+00 0.00000000e+00 0.00000000e+00 0.00000000e+00 0.00000000e+00 0.00000000e+00 0.00000000e+00 0.00000000e+00 0.00000000e+00 0.00000000e+00 0.00000000e+00
