 0.00000000e+00 0.00000000e+00 0.00000000e+00 0.00000000e+00 0.00000000e+00 0.00000000e+00 0.00000000e+00 0.00000000e+00 0.00000000e+00 0.00000000e+00 0.00000000e+00 0.00000000e+00 0.00000000e+00 0.00000000e+00 0.00000000e+00 0.00000000e+00 0.00000000e+00 0.00000000e+00 0.00000000e+00 0.00000000e+00 0.00000000e+00 0.00000000e+00 0.00000000e+00 0.00000000e+00 0.00000000e+00 0.00000000e+00 0.00000000e+00 0.00000000e+00 0.00000000e+00 0.00000000e+00 0.00000000e+00 0.00000000e+00 0.00000000e+00 0.00000000e+00 0.00000000e+00 0.00000000e+00 0.00000000e+00 0.00000000e+00 0.00000000e+00 0.00000000e+00 0.00000000e+00 0.00000000e+00 0.00000000e+00 0.00000000e+00 0.00000000e+00 0.00000000e+00 0.00000000e+00 0.00000000e+00 0.00000000e+00 0.00000000e+00 0.00000000e+00 0.00000000e+00 0.00000000e+00 0.00000000e+00 0.00000000e+00 0.00000000e+00 0.00000000e+00 0.00000000e+00 0.00000000e+00 0.00000000e+00 0.00000000e+00 0.00000000e+00 0.00000000e+00 0.00000000e+00 0.00000000e+00 0.00000000e+00 0.00000000e+00 0.00000000e+00 0.00000000e+00 0.00000000e+00 0.00000000e+00 0.00000000e+00 0.00000000e+00 0.00000000e+00 0.00000000e+00 0.00000000e+00 0.00000000e+00 0.00000000e+00 0.00000000e+00 0.00000000e+00 0.00000000e+00 0.00000000e+00 0.00000000e+00 0.00000000e+00 0.00000000e+00 0.00000000e+00 0.00000000e+00 0.00000000e+00 0.00000000e+00 0.00000000e+00 0.00000000e+00 0.00000000e+00 0.00000000e+00 0.00000000e+00 0.00000000e+00 0.00000000e+00 0.00000000e+00 0.00000000e+00 0.00000000e+00 0.00000000e+00
 0.00000000e+00 -2.15481497e-08 -4.47750703e-08 -7.14448480e-08 -1.03493519e-07 -1.43118214e-07 -1.92869766e-07 -2.55749343e-07 -3.35309185e-07 -4.35756855e-07 -5.62061703e-07 -7.20061301e-07 -9.16564691e-07 -1.15944819e-06 -1.45773847e-06 -1.82167649e-06 -2.26275510e-06 -2.79372205e-06 -3.42854007e-06 -4.18229512e-06 -5.07104464e-06 -6.11159832e-06 -7.32122570e-06 -8.71728688e-06 -1.03167859e-05 -1.21358500e-05 -1.41891411e-05 -1.64892129e-05 -1.90458284e-05 -2.18652600e-05 -2.49495972e-05 -2.82960915e-05 -3.18965683e-05 -3.57369395e-05 -3.97968485e-05 -4.40494757e-05 -4.84615306e-05 -5.29934492e-05 -5.75998086e-05 -6.22299599e-05 -6.68288751e-05 -7.13381876e-05 -7.56974034e-05 -7.98452449e-05 -8.37210864e-05 -8.72664331e-05 -9.04263911e-05 -9.31510786e-05 -9.53969244e-05 -9.71278103e-05 -9.83160142e-05 -9.89429218e-05 -9.89994835e-05 -9.84864020e-05 -9.74140477e-05 -9.58021079e-05 -9.36789877e-05 -9.10809865e-05 -8.80512834e-05 -8.46387697e-05 -8.08967711e-05 -7.68817035e-05 -7.26517086e-05 -6.82653119e-05 -6.37801437e-05 -5.92517599e-05 -5.47325924e-05 -5.02710531e-05 -4.59108091e-05 -4.16902386e-05 -3.76420693e-05 -3.37931970e-05 -3.01646731e-05 -2.67718457e-05 -2.36246359e-05 -2.07279260e-05 -1.80820365e-05 -1.56832666e-05 -1.35244737e-05 -1.15956702e-05 -9.88461540e-06 -8.37738556e-06 -7.05890677e-06 -5.91343920e-06 -4.92500456e-06 -4.07775164e-06 -3.35625785e-06 -2.74576727e-06 -2.23236757e-06 -1.80311009e-06 -1.44607834e-06 -1.15041085e-06 -9.06284859e-07 -7.04866938e-07 -5.38236668e-07 -3.99288733e-07 -2.81618318e-07 -1.79393927e-07 -8.72211172e-08 0.00000000e+00
 0.00000000e+00 -4.36679686e-08 -9.07387734e-08 -1.44788244e-07 -2.09740876e-07 -2.90050621e-07 -3.90888709e-07 -5.18339693e-07 -6.79605845e-07 -8.83218782e-07 -1.13925564e-06 -1.45955532e-06 -1.85792845e-06 -2.35035235e-06 -2.95514047e-06 -3.69307323e-06 -4.58747564e-06 -5.66422523e-06 -6.95167296e-06 -8.48045953e-06 -1.02832101e-05 -1.23940925e-05 -1.48482269e-05 -1.76809401e-05 -2.09268621e-05 -2.46188720e-05 -2.87869074e-05 -3.34566601e-05 -3.86481923e-05 -4.43745159e-05 -5.06401848e-05 -5.74399610e-05 -6.47576151e-05 -7.25649290e-05 -8.08209634e-05 -8.94716508e-05 -9.84497643e-05 -1.07675302e-04 -1.17056311e-04 -1.26490152e-04 -1.35865206e-04 -1.45062964e-04 -1.53960477e-04 -1.62433068e-04 -1.70357247e-04 -1.77613704e-04 -1.84090300e-04 -1.89684945e-04 -1.94308244e-04 -1.97885841e-04 -2.00360359e-04 -2.01692874e-04 -2.01863879e-04 -2.00873700e-04 -1.98742358e-04 -1.95508892e-04 -1.91230175e-04 -1.85979268e-04 -1.79843383e-04 -1.72921526e-04 -1.65321909e-04 -1.57159225e-04 -1.48551862e-04 -1.39619172e-04 -1.30478846e-04 -1.21244497e-04 -1.12023499e-04 -1.02915131e-04 -9.40090804e-05 -8.53842962e-05 -7.71082316e-05 -6.92364460e-05 -6.18125562e-05 -5.48685058e-05 -4.84251128e-05 -4.24928496e-05 -3.70728088e-05 -3.21578019e-05 -2.77335414e-05 -2.37798608e-05 -2.02719277e-05 -1.71814135e-05 -1.44775884e-05 -1.21283188e-05 -1.01009479e-05 -8.36305031e-06 -6.88305505e-06 -5.63073865e-06 -4.57759223e-06 -3.69707156e-06 -2.96474083e-06 -2.35832227e-06 -1.85766483e-06 -1.44464460e-06 -1.10300945e-06 -8.18179015e-07 -5.77010147e-07 -3.67536254e-07 -1.78687822e-07 0.00000000e+00
 0.00000000e+00 -6.69260954e-08 -1.39069423e-07 -2.21912603e-07 -3.21473164e-07 -4.44580951e-07 -5.99166404e-07 -7.94561532e-07 -1.04181386e-06 -1.35401161e-06 -1.74661615e-06 -2.23779483e-06 -2.84874446e-06 -3.60399237e-06 -4.53165869e-06 -5.66366006e-06 -7.03583232e-06 -8.68794694e-06 -1.06635947e-05 -1.30099096e-05 -1.57771067e-05 -1.90178108e-05 -2.27861584e-05 -2.71366596e-05 -3.21228191e-05 -3.77955244e-05 -4.42012225e-05 -5.13799214e-05 -5.93630658e-05 -6.81713522e-05 -7.78125618e-05 -8.82794996e-05 -9.95481367e-05 -1.11576056e-04 -1.24301300e-04 -1.37641712e-04 -1.51494852e-04 -1.65738548e-04 -1.80232111e-04 -1.94818243e-04 -2.09325607e-04 -2.23572007e-04 -2.37368108e-04 -2.50521589e-04 -2.62841596e-04 -2.74143346e-04 -2.84252731e-04 -2.93010760e-04 -3.00277675e-04 -3.05936599e-04 -3.09896586e-04 -3.12094967e-04 -3.12498910e-04 -3.11106150e-04 -3.07944869e-04 -3.03072741e-04 -2.96575189e-04 -2.88562925e-04 -2.79168869e-04 -2.68544568e-04 -2.56856234e-04 -2.44280548e-04 -2.31000371e-04 -2.17200493e-04 -2.03063557e-04 -1.88766270e-04 -1.74476004e-04 -1.60347871e-04 -1.46522325e-04 -1.33123328e-04 -1.20257105e-04 -1.08011465e-04 -9.64556660e-05 -8.56407864e-05 -7.56005304e-05 -6.63524100e-05 -5.78992198e-05 -5.02307302e-05 -4.33255190e-05 -3.71528672e-05 -3.16746516e-05 -2.68471749e-05 -2.26228831e-05 -1.89519320e-05 -1.57835749e-05 -1.30673531e-05 -1.07540822e-05 -8.79663344e-06 -7.15051866e-06 -5.77429027e-06 -4.62977425e-06 -3.68215455e-06 -2.89992951e-06 -2.25476043e-06 -1.72123174e-06 -1.27654049e-06 -9.00130953e-07 -5.73287782e-07 -2.78699272e-07 0.00000000e+00
 0.00000000e+00 -9.18784602e-08 -1.90923361e-07 -3.04665981e-07 -4.41372998e-07 -6.10427971e-07 -8.22727897e-07 -1.09109741e-06 -1.43072108e-06 -1.85959148e-06 -2.39896771e-06 -3.07383495e-06 -3.91335195e-06 -4.95126838e-06 -6.22628988e-06 -7.78236373e-06 -9.66885421e-06 -1.19405733e-05 -1.46576301e-05 -1.78850616e-05 -2.16922093e-05 -2.61518091e-05 -3.13387685e-05 -3.73286156e-05 -4.41956151e-05 -5.20105618e-05 -6.08382822e-05 -7.07348887e-05 -8.17448581e-05 -9.38980190e-05 -1.07206556e-04 -1.21662151e-04 -1.37233396e-04 -1.53863611e-04 -1.71469207e-04 -1.89938718e-04 -2.09132616e-04 -2.28883988e-04 -2.49000137e-04 -2.69265125e-04 -2.89443224e-04 -3.09283233e-04 -3.28523536e-04 -3.46897775e-04 -3.64140954e-04 -3.79995778e-04 -3.94219017e-04 -4.06587669e-04 -4.16904707e-04 -4.25004204e-04 -4.30755664e-04 -4.34067388e-04 -4.34888793e-04 -4.33211575e-04 -4.29069719e-04 -4.22538337e-04 -4.13731420e-04 -4.02798568e-04 -3.89920854e-04 -3.75305947e-04 -3.59182692e-04 -3.41795329e-04 -3.23397538e-04 -3.04246514e-04 -2.84597247e-04 -2.64697176e-04 -2.44781362e-04 -2.25068301e-04 -2.05756462e-04 -1.87021612e-04 -1.69014945e-04 -1.51862021e-04 -1.35662475e-04 -1.20490435e-04 -1.06395574e-04 -9.34046983e-05 -8.15237682e-05 -7.07402349e-05 -6.10255927e-05 -5.23380315e-05 -4.46250982e-05 -3.78262784e-05 -3.18754274e-05 -2.67029948e-05 -2.22379997e-05 -1.84097304e-05 -1.51491569e-05 -1.23900535e-05 -1.00698428e-05 -8.13017777e-06 -6.51728525e-06 -5.18209743e-06 -4.08020067e-06 -3.17162984e-06 -2.42053589e-06 -1.79475199e-06 -1.26528069e-06 -8.05721560e-07 -3.91655607e-07 0.00000000e+00
 0.00000000e+00 -1.19063322e-07 -2.47420661e-07 -3.94839690e-07 -5.72042890e-07 -7.91203005e-07 -1.06645829e-06 -1.41445097e-06 -1.85488956e-06 -2.41113236e-06 -3.11078499e-06 -3.98630046e-06 -5.07556438e-06 -6.42244259e-06 -8.07726228e-06 -1.00971919e-05 -1.25464796e-05 -1.54965062e-05 -1.90256048e-05 -2.32185982e-05 -2.81660084e-05 -3.39628951e-05 -4.07072891e-05 -4.84981989e-05 -5.74331834e-05 -6.76055039e-05 -7.91008909e-05 -9.19939857e-05 -1.06344542e-04 -1.22193504e-04 -1.39559084e-04 -1.58433021e-04 -1.78777157e-04 -2.00520538e-04 -2.23557201e-04 -2.47744819e-04 -2.72904346e-04 -2.98820776e-04 -3.25245097e-04 -3.51897464e-04 -3.78471565e-04 -4.04640119e-04 -4.30061358e-04 -4.54386332e-04 -4.77266807e-04 -4.98363508e-04 -5.17354432e-04 -5.33942944e-04 -5.47865374e-04 -5.58897851e-04 -5.66862135e-04 -5.71630236e-04 -5.73127678e-04 -5.71335290e-04 -5.66289475e-04 -5.58080972e-04 -5.46852157e-04 -5.32792999e-04 -5.16135831e-04 -4.97149118e-04 -4.76130459e-04 -4.53399052e-04 -4.29287891e-04 -4.04135931e-04 -3.78280482e-04 -3.52050047e-04 -3.25757810e-04 -2.99695931e-04 -2.74130784e-04 -2.49299221e-04 -2.25405908e-04 -2.02621727e-04 -1.81083218e-04 -1.60892983e-04 -1.42120951e-04 -1.24806386e-04 -1.08960485e-04 -9.45694430e-05 -8.15978066e-05 -6.99919993e-05 -5.96838692e-05 -5.05941489e-05 -4.26357258e-05 -3.57166442e-05 -2.97427806e-05 -2.46201532e-05 -2.02568475e-05 -1.65645532e-05 -1.34597261e-05 -1.08643949e-05 -8.70664592e-06 -6.92081901e-06 -5.44745571e-06 -4.23303620e-06 -3.22954340e-06 -2.39388834e-06 -1.68722736e-06 -1.07419758e-06 -5.22093024e-07 0.00000000e+00
 0.00000000e+00 -1.48992407e-07 -3.09626925e-07 -4.94139774e-07 -7.15964890e-07 -9.90355666e-07 -1.33503183e-06 -1.77085590e-06 -2.32254017e-06 -3.01938106e-06 -3.89601221e-06 -4.99316192e-06 -6.35839374e-06 -8.04680172e-06 -1.01216246e-05 -1.26547356e-05 -1.57269574e-05 -1.94281480e-05 -2.38569959e-05 -2.91204657e-05 -3.53328337e-05 -4.26142603e-05 -5.10888558e-05 -6.08822097e-05 -7.21183739e-05 -8.49163139e-05 -9.93858705e-05 -1.15623302e-04 -1.33706519e-04 -1.53690136e-04 -1.75600525e-04 -1.99431051e-04 -2.25137708e-04 -2.52635372e-04 -2.81794901e-04 -3.12441289e-04 -3.44353056e-04 -3.77263024e-04 -4.10860581e-04 -4.44795478e-04 -4.78683135e-04 -5.12111379e-04 -5.44648448e-04 -5.75852067e-04 -6.05279315e-04 -6.32496977e-04 -6.57092043e-04 -6.78682003e-04 -6.96924571e-04 -7.11526520e-04 -7.22251300e-04 -7.28925194e-04 -7.31441792e-04 -7.29764633e-04 -7.23927949e-04 -7.14035480e-04 -7.00257438e-04 -6.82825720e-04 -6.62027571e-04 -6.38197919e-04 -6.11710650e-04 -5.82969134e-04 -5.52396320e-04 -5.20424721e-04 -4.87486600e-04 -4.54004671e-04 -4.20383556e-04 -3.87002249e-04 -3.54207739e-04 -3.22309940e-04 -2.91577983e-04 -2.62237898e-04 -2.34471642e-04 -2.08417387e-04 -1.84170965e-04 -1.61788291e-04 -1.41288598e-04 -1.22658301e-04 -1.05855284e-04 -9.08134280e-05 -7.74472005e-05 -6.56561570e-05 -5.53292105e-05 -4.63485680e-05 -3.85932511e-05 -3.19421467e-05 -2.62765593e-05 -2.14822581e-05 -1.74510322e-05 -1.40817813e-05 -1.12811797e-05 -8.96396213e-06 -7.05287899e-06 -5.47837329e-06 -4.17802748e-06 -3.09582572e-06 -2.18127207e-06 -1.38839963e-06 -6.74700312e-07 0.00000000e+00
 0.00000000e+00 -1.82139559e-07 -3.78529965e-07 -6.04150466e-07 -8.75448877e-07 -1.21110427e-06 -1.63282092e-06 -2.16615908e-06 -2.84140417e-06 -3.69447054e-06 -4.76782972e-06 -6.11144584e-06 -7.78369259e-06 -9.85221737e-06 -1.23947090e-05 -1.54995166e-05 -1.92660584e-05 -2.38049526e-05 -2.92377975e-05 -3.56965262e-05 -4.33222622e-05 -5.22636103e-05 -6.26743261e-05 -7.47103293e-05 -8.85260424e-05 -1.04270073e-04 -1.22080284e-04 -1.42078343e-04 -1.64363862e-04 -1.89008318e-04 -2.16048923e-04 -2.45482706e-04 -2.77261051e-04 -3.11284960e-04 -3.47401330e-04 -3.85400476e-04 -4.25015166e-04 -4.65921326e-04 -5.07740558e-04 -5.50044547e-04 -5.92361326e-04 -6.34183313e-04 -6.74976962e-04 -7.14193756e-04 -7.51282248e-04 -7.85700771e-04 -8.16930407e-04 -8.44487785e-04 -8.67937285e-04 -8.86902214e-04 -9.01074575e-04 -9.10223099e-04 -9.14199261e-04 -9.12941070e-04 -9.06474529e-04 -8.94912719e-04 -8.78452543e-04 -8.57369272e-04 -8.32009094e-04 -8.02779919e-04 -7.70140781e-04 -7.34590197e-04 -6.96653868e-04 -6.56872139e-04 -6.15787612e-04 -5.73933291e-04 -5.31821609e-04 -4.89934641e-04 -4.48715738e-04 -4.08562762e-04 -3.69823040e-04 -3.32790062e-04 -2.97701908e-04 -2.64741305e-04 -2.34037172e-04 -2.05667464e-04 -1.79663098e-04 -1.56012718e-04 -1.34668046e-04 -1.15549593e-04 -9.85524754e-05 -8.35521593e-05 -7.04099294e-05 -5.89779564e-05 -4.91038447e-05 -4.06345893e-05 -3.34198991e-05 -2.73148747e-05 -2.21820544e-05 -1.78928610e-05 -1.43284983e-05 -1.13803553e-05 -8.94998208e-06 -6.94870349e-06 -5.29693161e-06 -3.92323778e-06 -2.76323573e-06 -1.75832174e-06 -8.54310653e-07 0.00000000e+00
 0.00000000e+00 -2.18926370e-07 -4.55010282e-07 -7.26287910e-07 -1.05256706e-06 -1.45634771e-06 -1.96378079e-06 -2.60567234e-06 -3.41853501e-06 -4.44568288e-06 -5.73835772e-06 -7.35686633e-06 -9.37169860e-06 -1.18645854e-05 -1.49294445e-05 -1.86731511e-05 -2.32160607e-05 -2.86922019e-05 -3.52490519e-05 -4.30468037e-05 -5.22570361e-05 -6.30607058e-05 -7.56453926e-05 -9.02017497e-05 -1.06919140e-04 -1.25980468e-04 -1.47556269e-04 -1.71798137e-04 -1.98831662e-04 -2.28749045e-04 -2.61601644e-04 -2.97392724e-04 -3.36070724e-04 -3.77523358e-04 -4.21572886e-04 -4.67972877e-04 -5.16406730e-04 -5.66488209e-04 -6.17764148e-04 -6.69719425e-04 -7.21784205e-04 -7.73343347e-04 -8.23747811e-04 -8.72327748e-04 -9.18406946e-04 -9.61318170e-04 -1.00041893e-03 -1.03510716e-03 -1.06483627e-03 -1.08912913e-03 -1.10759034e-03 -1.11991664e-03 -1.12590479e-03 -1.12545694e-03 -1.11858306e-03 -1.10540059e-03 -1.08613112e-03 -1.06109440e-03 -1.03069973e-03 -9.95435234e-04 -9.55855142e-04 -9.12565778e-04 -8.66210518e-04 -8.17454333e-04 -7.66968372e-04 -7.15415080e-04 -6.63434294e-04 -6.11630713e-04 -5.60563063e-04 -5.10735215e-04 -4.62589409e-04 -4.16501660e-04 -3.72779340e-04 -3.31660824e-04 -2.93317063e-04 -2.57854826e-04 -2.25321372e-04 -1.95710224e-04 -1.68967764e-04 -1.45000310e-04 -1.23681401e-04 -1.04859014e-04 -8.83624890e-05 -7.40089567e-05 -6.16091413e-05 -5.09724251e-05 -4.19111211e-05 -3.42439304e-05 -2.77985997e-05 -2.24138162e-05 -1.79403997e-05 -1.42418648e-05 -1.11944344e-05 -8.68658525e-06 -6.61820808e-06 -4.89945585e-06 -3.44934834e-06 -2.19419165e-06 -1.06586262e-06 0.00000000e+00
 0.00000000e+00 -2.59704292e-07 -5.39804325e-07 -8.61742614e-07 -1.24907258e-06 -1.72855592e-06 -2.33130640e-06 -3.09398864e-06 -4.06007492e-06 -5.28115546e-06 -6.81828872e-06 -8.74336800e-06 -1.11404689e-05 -1.41071297e-05 -1.77555035e-05 -2.22133075e-05 -2.76244844e-05 -3.41494763e-05 -4.19650097e-05 -5.12632810e-05 -6.22504370e-05 -7.51442512e-05 -9.01709134e-05 -1.07560871e-04 -1.27543693e-04 -1.50341972e-04 -1.76164316e-04 -2.05197542e-04 -2.37598246e-04 -2.73483958e-04 -3.12924174e-04 -3.55931589e-04 -4.02453877e-04 -4.52366437e-04 -5.05466462e-04 -5.61468742e-04 -6.20003524e-04 -6.80616737e-04 -7.42772787e-04 -8.05860050e-04 -8.69199090e-04 -9.32053509e-04 -9.93643211e-04 -1.05315980e-03 -1.10978365e-03 -1.16270222e-03 -1.21112896e-03 -1.25432230e-03 -1.29160402e-03 -1.32237644e-03 -1.34613786e-03 -1.36249563e-03 -1.37117655e-03 -1.37203413e-03 -1.36505247e-03 -1.35034675e-03 -1.32816009e-03 -1.29885714e-03 -1.26291444e-03 -1.22090797e-03 -1.17349828e-03 -1.12141372e-03 -1.06543233e-03 -1.00636302e-03 -9.45026582e-04 -8.82237253e-04 -8.18785254e-04 -7.55420949e-04 -6.92840979e-04 -6.31676722e-04 -5.72485329e-04 -5.15743444e-04 -4.61843627e-04 -4.11093390e-04 -3.63716654e-04 -3.19857374e-04 -2.79584992e-04 -2.42901365e-04 -2.09748766e-04 -1.80018584e-04 -1.53560331e-04 -1.30190629e-04 -1.09701871e-04 -9.18703054e-05 -7.64633602e-05 -6.32460600e-05 -5.19864630e-05 -4.24600817e-05 -3.44532976e-05 -2.77658169e-05 -2.22122373e-05 -1.76228173e-05 -1.38435470e-05 -1.07356249e-05 -8.17444171e-06 -6.04816680e-06 -4.25602217e-06 -2.70631964e-06 -1.31432461e-06 0.00000000e+00
 0.00000000e+00 -3.04732833e-07 -6.33459716e-07 -1.01140933e-06 -1.46630037e-06 -2.02963676e-06 -2.73805849e-06 -3.63475885e-06 -4.77097178e-06 -6.20752486e-06 -8.01644263e-06 -1.02825731e-05 -1.31051962e-05 -1.65995597e-05 -2.08982688e-05 -2.61524467e-05 -3.25325602e-05 -4.02288010e-05 -4.94508962e-05 -6.04272212e-05 -7.34030888e-05 -8.86380949e-05 -1.06402420e-04 -1.26972014e-04 -1.50622616e-04 -1.77622635e-04 -2.08224930e-04 -2.42657627e-04 -2.81114162e-04 -3.23742790e-04 -3.70635903e-04 -4.21819512e-04 -4.77243335e-04 -5.36771933e-04 -6.00177362e-04 -6.67133791e-04 -7.37214518e-04 -8.09891706e-04 -8.84539155e-04 -9.60438241e-04 -1.03678709e-03 -1.11271292e-03 -1.18728729e-03 -1.25954396e-03 -1.32849892e-03 -1.39317194e-03 -1.45260906e-03 -1.50590535e-03 -1.55222709e-03 -1.59083275e-03 -1.62109210e-03 -1.64250262e-03 -1.65470287e-03 -1.65748222e-03 -1.65078667e-03 -1.63472048e-03 -1.60954365e-03 -1.57566520e-03 -1.53363261e-03 -1.48411760e-03 -1.42789893e-03 -1.36584261e-03 -1.29888033e-03 -1.22798671e-03 -1.15415624e-03 -1.07838054e-03 -1.00162675e-03 -9.24817665e-04 -8.48814127e-04 -7.74400242e-04 -7.02271641e-04 -6.33027041e-04 -5.67163130e-04 -5.05072704e-04 -4.47045864e-04 -3.93273944e-04 -3.43855808e-04 -2.98806045e-04 -2.58064606e-04 -2.21507376e-04 -1.88957225e-04 -1.60195094e-04 -1.34970740e-04 -1.13012815e-04 -9.40380274e-05 -7.77592114e-05 -6.38921812e-05 -5.21613347e-05 -4.23040033e-05 -3.40736041e-05 -2.72416774e-05 -2.15989231e-05 -1.69553557e-05 -1.31397107e-05 -9.99822672e-06 -7.39292498e-06 -5.19949199e-06 -3.30486179e-06 -1.60457741e-06 0.00000000e+00
 0.00000000e+00 -3.54153473e-07 -7.36281740e-07 -1.17580336e-06 -1.70504905e-06 -2.36077740e-06 -3.18575684e-06 -4.23042686e-06 -5.55464369e-06 -7.22950559e-06 -9.33924105e-06 -1.19831287e-05 -1.52774027e-05 -1.93570787e-05 -2.43776195e-05 -3.05163387e-05 -3.79734269e-05 -4.69724645e-05 -5.77602817e-05 -7.06060109e-05 -8.57991854e-05 -1.03646741e-04 -1.24468802e-04 -1.48593155e-04 -1.76348358e-04 -2.08055500e-04 -2.44018648e-04 -2.84514139e-04 -3.29778916e-04 -3.79998199e-04 -4.35292854e-04 -4.95706894e-04 -5.61195608e-04 -6.31614832e-04 -7.06711916e-04 -7.86118925e-04 -8.69348555e-04 -9.55793209e-04 -1.04472758e-03 -1.13531493e-03 -1.22661719e-03 -1.31760881e-03 -1.40719411e-03 -1.49422783e-03 -1.57753830e-03 -1.65595266e-03 -1.72832335e-03 -1.79355511e-03 -1.85063157e-03 -1.89864067e-03 -1.93679797e-03 -1.96446715e-03 -1.98117699e-03 -1.98663415e-03 -1.98073149e-03 -1.96355140e-03 -1.93536415e-03 -1.89662127e-03 -1.84794409e-03 -1.79010785e-03 -1.72402197e-03 -1.65070694e-03 -1.57126887e-03 -1.48687228e-03 -1.39871228e-03 -1.30798684e-03 -1.21587023e-03 -1.12348828e-03 -1.03189634e-03 -9.42060437e-04 -8.54842111e-04 -7.70987244e-04 -6.91118929e-04 -6.15734369e-04 -5.45205585e-04 -4.79783569e-04 -4.19605442e-04 -3.64704067e-04 -3.15019535e-04 -2.70411922e-04 -2.30674731e-04 -1.95548471e-04 -1.64733883e-04 -1.37904406e-04 -1.14717559e-04 -9.48249996e-05 -7.78811086e-05 -6.35500322e-05 -5.15111789e-05 -4.14632305e-05 -3.31267673e-05 -2.62456426e-05 -2.05872569e-05 -1.59418931e-05 -1.21212692e-05 -8.95645782e-06 -6.29530832e-06 -3.99948884e-06 -1.94125067e-06 0.00000000e+00
 0.00000000e+00 -4.07959086e-07 -8.48270628e-07 -1.35496255e-06 -1.96544273e-06 -2.72225934e-06 -3.67493943e-06 -4.88192169e-06 -6.41258988e-06 -8.34940253e-06 -1.07901001e-05 -1.38499551e-05 -1.76640121e-05 -2.23892446e-05 -2.82065353e-05 -3.53223638e-05 -4.39700674e-05 -5.44105217e-05 -6.69320729e-05 -8.18495489e-05 -9.95021720e-05 -1.20250209e-04 -1.44470209e-04 -1.72548727e-04 -2.04874444e-04 -2.41828705e-04 -2.83774516e-04 -3.31044142e-04 -3.83925563e-04 -4.42648080e-04 -5.07367501e-04 -5.78151397e-04 -6.54964985e-04 -7.37658252e-04 -8.25954942e-04 -9.19444043e-04 -1.01757436e-03 -1.11965268e-03 -1.22484599e-03 -1.33218793e-03 -1.44058980e-03 -1.54885588e-03 -1.65570300e-03 -1.75978389e-03 -1.85971390e-03 -1.95410013e-03 -2.04157242e-03 -2.12081516e-03 -2.19059886e-03 -2.24981069e-03 -2.29748275e-03 -2.33281737e-03 -2.35520841e-03 -2.36425788e-03 -2.35978731e-03 -2.34184346e-03 -2.31069801e-03 -2.26684132e-03 -2.21097035e-03 -2.14397114e-03 -2.06689638e-03 -1.98093879e-03 -1.88740125e-03 -1.78766463e-03 -1.68315440e-03 -1.57530718e-03 -1.46553826e-03 -1.35521118e-03 -1.24561025e-03 -1.13791683e-03 -1.03318994e-03 -9.32351662e-04 -8.36177405e-04 -7.45291165e-04 -6.60165448e-04 -5.81125517e-04 -5.08357422e-04 -4.41919158e-04 -3.81754257e-04 -3.27707060e-04 -2.79538948e-04 -2.36944859e-04 -1.99569451e-04 -1.67022421e-04 -1.38892536e-04 -1.14760092e-04 -9.42075828e-05 -7.68284848e-05 -6.22341527e-05 -5.00588807e-05 -3.99632534e-05 -3.16359459e-05 -2.47941587e-05 -1.91828835e-05 -1.45731946e-05 -1.07597504e-05 -7.55767328e-06 -4.79895420e-06 -2.32851013e-06 0.00000000e+00
 0.00000000e+00 -4.65958711e-07 -9.69049386e-07 -1.54833468e-06 -2.24677258e-06 -3.11324652e-06 -4.20468744e-06 -5.58830673e-06 -7.34394876e-06 -9.56655852e-06 -1.23687444e-05 -1.58833973e-05 -2.02663066e-05 -2.56986911e-05 -3.23895366e-05 -4.05776119e-05 -5.05330058e-05 -6.25580107e-05 -7.69871613e-05 -9.41862249e-05 -1.14549939e-04 -1.38498306e-04 -1.66471263e-04 -1.98921600e-04 -2.36306035e-04 -2.79074429e-04 -3.27657192e-04 -3.82451049e-04 -4.43803402e-04 -5.11995656e-04 -5.87225968e-04 -6.69591964e-04 -7.59074086e-04 -8.55520237e-04 -9.58632471e-04 -1.06795645e-03 -1.18287436e-03 -1.30260192e-03 -1.42618993e-03 -1.55253085e-03 -1.68037047e-03 -1.80832475e-03 -1.93490164e-03 -2.05852749e-03 -2.17757737e-03 -2.29040869e-03 -2.39539707e-03 -2.49097352e-03 -2.57566167e-03 -2.64811415e-03 -2.70714665e-03 -2.75176875e-03 -2.78121046e-03 -2.79494346e-03 -2.79269633e-03 -2.77446324e-03 -2.74050563e-03 -2.69134683e-03 -2.62775960e-03 -2.55074710e-03 -2.46151772e-03 -2.36145468e-03 -2.25208129e-03 -2.13502316e-03 -2.01196858e-03 -1.88462833e-03 -1.75469636e-03 -1.62381265e-03 -1.49352922e-03 -1.36528061e-03 -1.24035924e-03 -1.11989660e-03 -1.00485029e-03 -8.95997006e-04 -7.93931415e-04 -6.99070258e-04 -6.11661245e-04 -5.31795890e-04 -4.59425462e-04 -3.94379141e-04 -3.36383493e-04 -2.85082407e-04 -2.40056736e-04 -2.00842981e-04 -1.66950486e-04 -1.37876757e-04 -1.13120629e-04 -9.21931547e-05 -7.46261870e-05 -5.99787160e-05 -4.78411082e-05 -3.78374365e-05 -2.96261260e-05 -2.28991546e-05 -1.73800491e-05 -1.28209014e-05 -8.99861446e-06 -5.71055829e-06 -2.76979433e-06 0.00000000e+00
 0.00000000e+00 -5.27737661e-07 -1.09778215e-06 -1.75465024e-06 -2.54731814e-06 -3.53154719e-06 -4.77231688e-06 -6.34638780e-06 -8.34500540e-06 -1.08767409e-05 -1.40704475e-05 -1.80782900e-05 -2.30787798e-05 -2.92797255e-05 -3.69209762e-05 -4.62768111e-05 -5.76577991e-05 -7.14119287e-05 -8.79247881e-05 -1.07618564e-04 -1.30949622e-04 -1.58404443e-04 -1.90493715e-04 -2.27744406e-04 -2.70689724e-04 -3.19856915e-04 -3.75752964e-04 -4.38848352e-04 -5.09559136e-04 -5.88227763e-04 -6.75103103e-04 -7.70320351e-04 -8.73881488e-04 -9.85637122e-04 -1.10527052e-03 -1.23228467e-03 -1.36599324e-03 -1.50551602e-03 -1.64977968e-03 -1.79752407e-03 -1.94731456e-03 -2.09756023e-03 -2.24653806e-03 -2.39242236e-03 -2.53331916e-03 -2.66730452e-03 -2.79246581e-03 -2.90694479e-03 -3.00898132e-03 -3.09695623e-03 -3.16943204e-03 -3.22519033e-03 -3.26326433e-03 -3.28296573e-03 -3.28390471e-03 -3.26600234e-03 -3.22949503e-03 -3.17493046e-03 -3.10315527e-03 -3.01529464e-03 -2.91272442e-03 -2.79703666e-03 -2.66999965e-03 -2.53351387e-03 -2.38956521e-03 -2.24017718e-03 -2.08736370e-03 -1.93308391e-03 -1.77920073e-03 -1.62744416e-03 -1.47938051e-03 -1.33638834e-03 -1.19964140e-03 -1.07009888e-03 -9.48502582e-04 -8.35380794e-04 -7.31057910e-04 -6.35669074e-04 -5.49178758e-04 -4.71402198e-04 -4.02028602e-04 -3.40645074e-04 -2.86760315e-04 -2.39827273e-04 -1.99264076e-04 -1.64472743e-04 -1.34855334e-04 -1.09827346e-04 -8.88283217e-05 -7.13297235e-05 -5.68402533e-05 -4.49088319e-05 -3.51255165e-05 -2.71206449e-05 -2.05624971e-05 -1.51537529e-05 -1.06269990e-05 -6.73951103e-06 -3.26750174e-06 0.00000000e+00
 0.00000000e+00 -5.92613104e-07 -1.23308333e-06 -1.97178116e-06 -2.86414946e-06 -3.97335075e-06 -5.37303905e-06 -7.15028288e-06 -9.40865319e-06 -1.22714734e-05 -1.58852085e-05 -2.04229470e-05 -2.60879014e-05 -3.31168261e-05 -4.17832157e-05 -5.24001201e-05 -6.53223760e-05 -8.09480300e-05 -9.97187036e-05 -1.22118634e-04 -1.48672121e-04 -1.79939120e-04 -2.16508735e-04 -2.58990429e-04 -3.08002802e-04 -3.64159893e-04 -4.28055048e-04 -5.00242507e-04 -5.81217024e-04 -6.71391911e-04 -7.71076103e-04 -8.80450911e-04 -9.99547281e-04 -1.12822445e-03 -1.26615093e-03 -1.41278884e-03 -1.56738240e-03 -1.72895164e-03 -1.89629185e-03 -2.06797948e-03 -2.24238482e-03 -2.41769159e-03 -2.59192325e-03 -2.76297579e-03 -2.92865622e-03 -3.08672598e-03 -3.23494805e-03 -3.37113667e-03 -3.49320799e-03 -3.59923045e-03 -3.68747305e-03 -3.75645013e-03 -3.80496112e-03 -3.83212396e-03 -3.83740080e-03 -3.82061524e-03 -3.78196019e-03 -3.72199597e-03 -3.64163851e-03 -3.54213795e-03 -3.42504810e-03 -3.29218778e-03 -3.14559521e-03 -2.98747703e-03 -2.82015360e-03 -2.64600253e-03 -2.46740228e-03 -2.28667793e-03 -2.10605068e-03 -1.92759289e-03 -1.75318987e-03 -1.58450940e-03 -1.42297979e-03 -1.26977641e-03 -1.12581686e-03 -9.91764068e-04 -8.68036652e-04 -7.54825418e-04 -6.52114848e-04 -5.59708239e-04 -4.77255171e-04 -4.04280047e-04 -3.40210504e-04 -2.84404710e-04 -2.36176678e-04 -1.94818980e-04 -1.59622421e-04 -1.29892418e-04 -1.04962012e-04 -8.42015905e-05 -6.70255009e-05 -5.28958225e-05 -4.13236285e-05 -3.18680836e-05 -2.41337309e-05 -1.77663077e-05 -1.24473985e-05 -7.88819971e-06 -3.82263204e-06 0.00000000e+00
 0.00000000e+00 -6.59585364e-07 -1.37291822e-06 -2.19658646e-06 -3.19291132e-06 -4.43294182e-06 -5.99959288e-06 -7.99095833e-06 -1.05238159e-05 -1.37373224e-05 -1.77968756e-05 -2.28980914e-05 -2.92708169e-05 -3.71830648e-05 -4.69447204e-05 -5.89108340e-05 -7.34842795e-05 -9.11175228e-05 -1.12313219e-04 -1.37623338e-04 -1.67646509e-04 -2.03023287e-04 -2.44429053e-04 -2.92564334e-04 -3.48142360e-04 -4.11873788e-04 -4.84448624e-04 -5.66515502e-04 -6.58658635e-04 -7.61372874e-04 -8.75037520e-04 -9.99889618e-04 -1.13599766e-03 -1.28323666e-03 -1.44126572e-03 -1.60950914e-03 -1.78714217e-03 -1.97308238e-03 -2.16598760e-03 -2.36426104e-03 -2.56606405e-03 -2.76933688e-03 -2.97182717e-03 -3.17112600e-03 -3.36471074e-03 -3.54999381e-03 -3.72437610e-03 -3.88530384e-03 -4.03032703e-03 -4.15715808e-03 -4.26372859e-03 -4.34824264e-03 -4.40922476e-03 -4.44556107e-03 -4.45653183e-03 -4.44183454e-03 -4.40159617e-03 -4.33637427e-03 -4.24714636e-03 -4.13528789e-03 -4.00253933e-03 -3.85096313e-03 -3.68289221e-03 -3.50087136e-03 -3.30759377e-03 -3.10583479e-03 -2.89838517e-03 -2.68798623e-03 -2.47726904e-03 -2.26869964e-03 -2.06453200e-03 -1.86676998e-03 -1.67713921e-03 -1.49706919e-03 -1.32768565e-03 -1.16981256e-03 -1.02398298e-03 -8.90457538e-04 -7.69249038e-04 -6.60151773e-04 -5.62773832e-04 -4.76570919e-04 -4.00880220e-04 -3.34953077e-04 -2.77985425e-04 -2.29145193e-04 -1.87596110e-04 -1.52517598e-04 -1.23120638e-04 -9.86596749e-05 -7.84407775e-05 -6.18263680e-05 -4.82369114e-05 -3.71499811e-05 -2.80971280e-05 -2.06589629e-05 -1.44588258e-05 -9.15537593e-06 -4.43438833e-06 0.00000000e+00
 0.00000000e+00 -7.27285400e-07 -1.51449579e-06 -2.42474624e-06 -3.52759202e-06 -4.90239488e-06 -6.64185392e-06 -8.85573780e-06 -1.16748388e-05 -1.52551489e-05 -1.97822333e-05 -2.54757469e-05 -3.25940064e-05 -4.14384927e-05 -5.23581192e-05 -6.57530594e-05 -8.20778889e-05 -1.01843756e-04 -1.25619263e-04 -1.54029732e-04 -1.87754477e-04 -2.27521781e-04 -2.74101213e-04 -3.28293049e-04 -3.90914574e-04 -4.62783164e-04 -5.44696172e-04 -6.37407754e-04 -7.41602972e-04 -8.57869655e-04 -9.86668671e-04 -1.12830347e-03 -1.28288983e-03 -1.45032704e-03 -1.63027152e-03 -1.82211433e-03 -2.02496368e-03 -2.23763361e-03 -2.45863989e-03 -2.68620400e-03 -2.91826572e-03 -3.15250475e-03 -3.38637129e-03 -3.61712528e-03 -3.84188376e-03 -4.05767518e-03 -4.26149963e-03 -4.45039328e-03 -4.62149544e-03 -4.77211622e-03 -4.89980282e-03 -5.00240243e-03 -5.07811967e-03 -5.12556650e-03 -5.14380308e-03 -5.13236768e-03 -5.09129460e-03 -5.02111911e-03 -4.92286888e-03 -4.79804194e-03 -4.64857156e-03 -4.47677901e-03 -4.28531574e-03 -4.07709667e-03 -3.85522710e-03 -3.62292550e-03 -3.38344515e-03 -3.13999719e-03 -2.89567791e-03 -2.65340256e-03 -2.41584793e-03 -2.18540529e-03 -1.96414487e-03 -1.75379243e-03 -1.55571806e-03 -1.37093655e-03 -1.20011850e-03 -1.04361076e-03 -9.01464466e-04 -7.73468920e-04 -6.59189396e-04 -5.58006948e-04 -4.69158537e-04 -3.91775915e-04 -3.24921984e-04 -2.67623649e-04 -2.18900451e-04 -1.77788572e-04 -1.43360037e-04 -1.14737204e-04 -9.11027448e-05 -7.17055268e-05 -5.58628199e-05 -4.29593514e-05 -3.24437115e-05 -2.38226009e-05 -1.66533748e-05 -1.05352826e-05 -5.09975057e-06 0.00000000e+00
 0.00000000e+00 -7.93919075e-07 -1.65415523e-06 -2.65058628e-06 -3.86027969e-06 -5.37125363e-06 -7.28642566e-06 -9.72779154e-06 -1.28408591e-05 -1.67993393e-05 -2.18100699e-05 -2.81181135e-05 -3.60119352e-05 -4.58285241e-05 -5.79582775e-05 -7.28494222e-05 -9.10116983e-05 -1.13018993e-04 -1.39510572e-04 -1.71190523e-04 -2.08825032e-04 -2.53237084e-04 -3.05298239e-04 -3.65917153e-04 -4.36024609e-04 -5.16554919e-04 -6.08423679e-04 -7.12502037e-04 -8.29587788e-04 -9.60373809e-04 -1.10541456e-03 -1.26509154e-03 -1.43957879e-03 -1.62880964e-03 -1.83244609e-03 -2.04985221e-03 -2.28007290e-03 -2.52181938e-03 -2.77346265e-03 -3.03303580e-03 -3.29824616e-03 -3.56649735e-03 -3.83492182e-03 -4.10042318e-03 -4.35972805e-03 -4.60944621e-03 -4.84613783e-03 -5.06638619e-03 -5.26687383e-03 -5.44446024e-03 -5.59625864e-03 -5.71970955e-03 -5.81264890e-03 -5.87336823e-03 -5.90066487e-03 -5.89388027e-03 -5.85292469e-03 -5.77828717e-03 -5.67102993e-03 -5.53276702e-03 -5.36562750e-03 -5.17220413e-03 -4.95548905e-03 -4.71879851e-03 -4.46568924e-03 -4.19986927e-03 -3.92510649e-03 -3.64513808e-03 -3.36358420e-03 -3.08386862e-03 -2.80914928e-03 -2.54226052e-03 -2.28566877e-03 -2.04144239e-03 -1.81123591e-03 -1.59628819e-03 -1.39743345e-03 -1.21512357e-03 -1.04945983e-03 -9.00231792e-04 -7.66961276e-04 -6.48948915e-04 -5.45321422e-04 -4.55077578e-04 -3.77131415e-04 -3.10351357e-04 -2.53594444e-04 -2.05735109e-04 -1.65688285e-04 -1.32426892e-04 -1.04993982e-04 -8.25099597e-05 -6.41754298e-05 -4.92702642e-05 -3.71494909e-05 -2.72366006e-05 -1.90148078e-05 -1.20167492e-05 -5.81303440e-06 0.00000000e+00
 0.00000000e+00 -8.57209063e-07 -1.78724779e-06 -2.86689586e-06 -4.18091004e-06 -5.82620061e-06 -7.91622048e-06 -1.05856158e-05 -1.39951681e-05 -1.83370325e-05 -2.38402472e-05 -3.07764541e-05 -3.94657274e-05 -5.02823639e-05 -6.36604383e-05 -8.00988750e-05 -1.00165738e-04 -1.24501391e-04 -1.53820137e-04 -1.88909920e-04 -2.30629638e-04 -2.79903643e-04 -3.37712997e-04 -4.05083129e-04 -4.83067591e-04 -5.72727750e-04 -6.75108368e-04 -7.91209206e-04 -9.21952974e-04 -1.06815017e-03 -1.23046154e-03 -1.40935921e-03 -1.60508748e-03 -1.81762494e-03 -2.04664901e-03 -2.29150476e-03 -2.55117947e-03 -2.82428440e-03 -3.10904527e-03 -3.40330247e-03 -3.70452216e-03 -4.00981861e-03 -4.31598819e-03 -4.61955472e-03 -4.91682578e-03 -5.20395869e-03 -5.47703517e-03 -5.73214264e-03 -5.96546021e-03 -6.17334714e-03 -6.35243106e-03 -6.49969347e-03 -6.61254971e-03 -6.68892075e-03 -6.72729431e-03 -6.72677286e-03 -6.68710652e-03 -6.60870938e-03 -6.49265795e-03 -6.34067141e-03 -6.15507369e-03 -5.93873840e-03 -5.69501801e-03 -5.42765954e-03 -5.14070969e-03 -4.83841255e-03 -4.52510372e-03 -4.20510452e-03 -3.88262017e-03 -3.56164557e-03 -3.24588173e-03 -2.93866572e-03 -2.64291583e-03 -2.36109333e-03 -2.09518113e-03 -1.84667885e-03 -1.61661339e-03 -1.40556297e-03 -1.21369273e-03 -1.04079917e-03 -8.86360804e-04 -7.49592420e-04 -6.29500357e-04 -5.24936589e-04 -4.34649697e-04 -3.57331225e-04 -2.91656330e-04 -2.36318072e-04 -1.90055023e-04 -1.51672249e-04 -1.20055954e-04 -9.41822918e-05 -7.31209685e-05 -5.60343487e-05 -4.21727806e-05 -3.08668406e-05 -2.15171436e-05 -1.35822911e-05 -6.56545280e-06 0.00000000e+00
 0.00000000e+00 -9.14335465e-07 -1.90801617e-06 -3.06474234e-06 -4.47701060e-06 -6.25072358e-06 -8.51003885e-06 -1.14025136e-05 -1.51045801e-05 -1.98273600e-05 -2.58227938e-05 -3.33900204e-05 -4.28819005e-05 -5.47115237e-05 -6.93584871e-05 -8.73746772e-05 -1.09389227e-04 -1.36112270e-04 -1.68337058e-04 -2.06939981e-04 -2.52878002e-04 -3.07183000e-04 -3.70952574e-04 -4.45336866e-04 -5.31521074e-04 -6.30703432e-04 -7.44068581e-04 -8.72756447e-04 -1.01782694e-03 -1.18022101e-03 -1.36071894e-03 -1.55989674e-03 -1.77808211e-03 -2.01531133e-03 -2.27128866e-03 -2.54535007e-03 -2.83643306e-03 -3.14305416e-03 -3.46329586e-03 -3.79480422e-03 -4.13479839e-03 -4.48009274e-03 -4.82713197e-03 -5.17203924e-03 -5.51067666e-03 -5.83871729e-03 -6.15172729e-03 -6.44525616e-03 -6.71493320e-03 -6.95656744e-03 -7.16624825e-03 -7.34044390e-03 -7.47609467e-03 -7.57069769e-03 -7.62238036e-03 -7.62995968e-03 -7.59298486e-03 -7.51176136e-03 -7.38735471e-03 -7.22157341e-03 -7.01693076e-03 -6.77658649e-03 -6.50426947e-03 -6.20418422e-03 -5.88090407e-03 -5.53925473e-03 -5.18419259e-03 -4.82068203e-03 -4.45357633e-03 -4.08750642e-03 -3.72678140e-03 -3.37530405e-03 -3.03650385e-03 -2.71328901e-03 -2.40801827e-03 -2.12249209e-03 -1.85796203e-03 -1.61515650e-03 -1.39432027e-03 -1.19526486e-03 -1.01742666e-03 -8.59929670e-04 -7.21649804e-04 -6.01278118e-04 -4.97380605e-04 -4.08452769e-04 -3.32967624e-04 -2.69416281e-04 -2.16340739e-04 -1.72358886e-04 -1.36182031e-04 -1.06625562e-04 -8.26134449e-05 -6.31774027e-05 -4.74516171e-05 -3.46637893e-05 -2.41233147e-05 -1.52072564e-05 -7.34470183e-06 0.00000000e+00
 0.00000000e+00 -9.61876489e-07 -2.00947431e-06 -3.23328671e-06 -4.73344736e-06 -6.62478682e-06 -9.04215726e-06 -1.21460893e-05 -1.61288224e-05 -2.12207202e-05 -2.76970487e-05 -3.58850501e-05 -4.61711991e-05 -5.90084720e-05 -7.49233999e-05 -9.45226164e-05 -1.18498545e-04 -1.47633812e-04 -1.82803918e-04 -2.24977651e-04 -2.75214712e-04 -3.34659984e-04 -4.04533948e-04 -4.86118734e-04 -5.80739437e-04 -6.89740412e-04 -8.14456436e-04 -9.56178826e-04 -1.11611681e-03 -1.29535472e-03 -1.49480584e-03 -1.71516398e-03 -1.95685419e-03 -2.21998409e-03 -2.50429777e-03 -2.80913391e-03 -3.13339029e-03 -3.47549654e-03 -3.83339687e-03 -4.20454447e-03 -4.58590897e-03 -4.97399771e-03 -5.36489162e-03 -5.75429561e-03 -6.13760316e-03 -6.50997416e-03 -6.86642453e-03 -7.20192587e-03 -7.51151264e-03 -7.79039429e-03 -8.03406927e-03 -8.23843749e-03 -8.39990803e-03 -8.51549835e-03 -8.58292164e-03 -8.60065897e-03 -8.56801330e-03 -8.48514280e-03 -8.35307149e-03 -8.17367604e-03 -7.94964839e-03 -7.68443462e-03 -7.38215167e-03 -7.04748446e-03 -6.68556653e-03 -6.30184859e-03 -5.90195969e-03 -5.49156590e-03 -5.07623209e-03 -4.66129163e-03 -4.25172875e-03 -3.85207765e-03 -3.46634126e-03 -3.09793196e-03 -2.74963506e-03 -2.42359493e-03 -2.12132270e-03 -1.84372325e-03 -1.59113877e-03 -1.36340549e-03 -1.15991996e-03 -9.79711111e-04 -8.21514674e-04 -6.83846601e-04 -5.65072832e-04 -4.63473149e-04 -3.77297503e-04 -3.04813771e-04 -2.44346449e-04 -1.94306237e-04 -1.53210896e-04 -1.19698024e-04 -9.25306006e-05 -7.05962794e-05 -5.29014119e-05 -3.85607848e-05 -2.67839670e-05 -1.68590675e-05 -8.13459435e-06 0.00000000e+00
 0.00000000e+00 -9.95750881e-07 -2.08329086e-06 -3.35960556e-06 -4.93218107e-06 -6.92451670e-06 -9.48193679e-06 -1.27777734e-05 -1.70199682e-05 -2.24581092e-05 -2.93908823e-05 -3.81738683e-05 -4.92275674e-05 -6.30454700e-05 -8.02019324e-05 -1.01359543e-04 -1.27275603e-04 -1.58807262e-04 -1.96914818e-04 -2.42662607e-04 -2.97216894e-04 -3.61840164e-04 -4.37881227e-04 -5.26760579e-04 -6.29950594e-04 -7.48950183e-04 -8.85253791e-04 -1.04031475e-03 -1.21550331e-03 -1.41205984e-03 -1.63104419e-03 -1.87328218e-03 -2.13931081e-03 -2.42932383e-03 -2.74311954e-03 -3.08005301e-03 -3.43899471e-03 -3.81829790e-03 -4.21577658e-03 -4.62869608e-03 -5.05377773e-03 -5.48721878e-03 -5.92472838e-03 -6.36157990e-03 -6.79267915e-03 -7.21264781e-03 -7.61592061e-03 -7.99685434e-03 -8.34984623e-03 -8.66945879e-03 -8.95054789e-03 -9.18839034e-03 -9.37880721e-03 -9.51827893e-03 -9.60404800e-03 -9.63420578e-03 -9.60775949e-03 -9.52467651e-03 -9.38590345e-03 -9.19335834e-03 -8.94989514e-03 -8.65924081e-03 -8.32590658e-03 -7.95507562e-03 -7.55247100e-03 -7.12420832e-03 -6.67663849e-03 -6.21618628e-03 -5.74919101e-03 -5.28175502e-03 -4.81960576e-03 -4.36797615e-03 -3.93150710e-03 -3.51417488e-03 -3.11924477e-03 -2.74925093e-03 -2.40600146e-03 -2.09060636e-03 -1.80352504e-03 -1.54462978e-03 -1.31328078e-03 -1.10840850e-03 -9.28599183e-04 -7.72179695e-04 -6.37298391e-04 -5.21999396e-04 -4.24288315e-04 -3.42188079e-04 -2.73784309e-04 -2.17260111e-04 -1.70920701e-04 -1.33208606e-04 -1.02710421e-04 -7.81562487e-05 -5.84129913e-05 -4.24726194e-05 -2.94364858e-05 -1.84966133e-05 -8.91476770e-06 0.00000000e+00
 0.00000000e+00 -1.01116411e-06 -2.11968054e-06 -3.42852555e-06 -5.05204198e-06 -7.12191292e-06 -9.79346657e-06 -1.32523933e-05 -1.77219301e-05 -2.34705337e-05 -3.08200240e-05 -4.01541283e-05 -5.19273020e-05 -6.66736382e-05 -8.50156063e-05 -1.07672288e-04 -1.35466702e-04 -1.69331743e-04 -2.10314170e-04 -2.59576058e-04 -3.18393050e-04 -3.88148760e-04 -4.70324664e-04 -5.66484881e-04 -6.78255322e-04 -8.07296814e-04 -9.55271987e-04 -1.12380592e-03 -1.31444084e-03 -1.52858533e-03 -1.76745906e-03 -2.03203414e-03 -2.32297460e-03 -2.64057583e-03 -2.98470612e-03 -3.35475236e-03 -3.74957241e-03 -4.16745648e-03 -4.60609978e-03 -5.06258853e-03 -5.53340122e-03 -6.01442650e-03 -6.50099865e-03 -6.98795118e-03 -7.46968823e-03 -7.94027333e-03 -8.39353379e-03 -8.82317918e-03 -9.22293097e-03 -9.58666064e-03 -9.90853236e-03 -1.01831466e-02 -1.04056804e-02 -1.05720192e-02 -1.06788769e-02 -1.07238988e-02 -1.07057433e-02 -1.06241389e-02 -1.04799139e-02 -1.02749948e-02 -1.00123746e-02 -9.69604947e-03 -9.33092451e-03 -8.92269297e-03 -8.47769111e-03 -8.00273435e-03 -7.50494057e-03 -6.99154705e-03 -6.46972816e-03 -5.94642058e-03 -5.42816268e-03 -4.92095393e-03 -4.43013882e-03 -3.96031896e-03 -3.51529499e-03 -3.09803886e-03 -2.71069534e-03 -2.35461026e-03 -2.03038195e-03 -1.73793173e-03 -1.47658828e-03 -1.24518118e-03 -1.04213864e-03 -8.65584894e-04 -7.13433408e-04 -5.83472804e-04 -4.73443022e-04 -3.81100245e-04 -3.04269751e-04 -2.40886568e-04 -1.89024354e-04 -1.46913338e-04 -1.12948466e-04 -8.56890353e-05 -6.38511839e-05 -4.62945503e-05 -3.20043332e-05 -2.00698441e-05 -9.66049261e-06 0.00000000e+00
 0.00000000e+00 -1.00256082e-06 -2.10730834e-06 -3.42247803e-06 -5.06853323e-06 -7.18459863e-06 -9.93525861e-06 -1.35178112e-05 -1.81700402e-05 -2.41785334e-05 -3.18875298e-05 -4.17082286e-05 -5.41284290e-05 -6.97223065e-05 -8.91600507e-05 -1.13217015e-04 -1.42781944e-04 -1.78863763e-04 -2.22596346e-04 -2.75240605e-04 -3.38183197e-04 -4.12931141e-04 -5.01101617e-04 -6.04406271e-04 -7.24629451e-04 -8.63599909e-04 -1.02315569e-03 -1.20510216e-03 -1.41116342e-03 -1.64292758e-03 -1.90178685e-03 -2.18887362e-03 -2.50499411e-03 -2.85056153e-03 -3.22553093e-03 -3.62933809e-03 -4.06084515e-03 -4.51829543e-03 -4.99928011e-03 -5.50071906e-03 -6.01885798e-03 -6.54928344e-03 -7.08695720e-03 -7.62627040e-03 -8.16111756e-03 -8.68499009e-03 -9.19108769e-03 -9.67244592e-03 -1.01220774e-02 -1.05331230e-02 -1.08990103e-02 -1.12136132e-02 -1.14714104e-02 -1.16676356e-02 -1.17984159e-02 -1.18608926e-02 -1.18533193e-02 -1.17751341e-02 -1.16270004e-02 -1.14108147e-02 -1.11296800e-02 -1.07878421e-02 -1.03905927e-02 -9.94413977e-03 -9.45544934e-03 -8.93206516e-03 -8.38191146e-03 -7.81308700e-03 -7.23365794e-03 -6.65145773e-03 -6.07390157e-03 -5.50782232e-03 -4.95933363e-03 -4.43372441e-03 -3.93538721e-03 -3.46778130e-03 -3.03342944e-03 -2.63394580e-03 -2.27009110e-03 -1.94185021e-03 -1.64852654e-03 -1.38884758e-03 -1.16107588e-03 -9.63120252e-04 -7.92642569e-04 -6.47156530e-04 -5.24115449e-04 -4.20987261e-04 -3.35315723e-04 -2.64767612e-04 -2.07166362e-04 -1.60513086e-04 -1.22996289e-04 -9.29917433e-05 -6.90541150e-05 -4.99018552e-05 -3.43967831e-05 -2.15196268e-05 -1.03426099e-05 0.00000000e+00
 0.00000000e+00 -9.63586308e-07 -2.03321235e-06 -3.32138284e-06 -4.95367507e-06 -7.07562490e-06 -9.86001292e-06 -1.35146513e-05 -1.82907426e-05 -2.44918440e-05 -3.24834248e-05 -4.27029489e-05 -5.56703500e-05 -7.19986957e-05 -9.24047536e-05 -1.17719092e-04 -1.48895257e-04 -1.87017475e-04 -2.33306263e-04 -2.89121242e-04 -3.55960400e-04 -4.35455034e-04 -5.29359568e-04 -6.39535535e-04 -7.67929032e-04 -9.16541149e-04 -1.08739100e-03 -1.28247130e-03 -1.50369654e-03 -1.75284451e-03 -2.03149173e-03 -2.34094425e-03 -2.68216548e-03 -3.05570283e-03 -3.46161565e-03 -3.89940709e-03 -4.36796245e-03 -4.86549701e-03 -5.38951612e-03 -5.93679016e-03 -6.50334682e-03 -7.08448257e-03 -7.67479500e-03 -8.26823681e-03 -8.85819179e-03 -9.43757235e-03 -9.99893740e-03 -1.05346288e-02 -1.10369239e-02 -1.14981998e-02 -1.19111075e-02 -1.22687492e-02 -1.25648547e-02 -1.27939514e-02 -1.29515225e-02 -1.30341470e-02 -1.30396164e-02 -1.29670229e-02 -1.28168148e-02 -1.25908144e-02 -1.22921982e-02 -1.19254357e-02 -1.14961894e-02 -1.10111781e-02 -1.04780062e-02 -9.90496634e-03 -9.30082106e-03 -8.67457292e-03 -8.03523096e-03 -7.39158321e-03 -6.75198395e-03 -6.12416382e-03 -5.51506961e-03 -4.93073885e-03 -4.37621260e-03 -3.85548759e-03 -3.37150696e-03 -2.92618705e-03 -2.52047583e-03 -2.15443775e-03 -1.82735860e-03 -1.53786386e-03 -1.28404401e-03 -1.06358069e-03 -8.73868433e-04 -7.12127442e-04 -5.75504220e-04 -4.61157695e-04 -3.66329655e-04 -2.88399192e-04 -2.24921616e-04 -1.73652910e-04 -1.32561187e-04 -9.98268660e-05 -7.38333621e-05 -5.31500485e-05 -3.65091341e-05 -2.27779103e-05 -1.09276199e-05 0.00000000e+00
 0.00000000e+00 -8.87060689e-07 -1.88275213e-06 -3.10257147e-06 -4.67590385e-06 -6.75334744e-06 -9.51447502e-06 -1.31761432e-05 -1.80014295e-05 -2.43092373e-05 -3.24845614e-05 -4.29893466e-05 -5.63738057e-05 -7.32879845e-05 -9.44932788e-05 -1.20873515e-04 -1.53445117e-04 -1.93365773e-04 -2.41940959e-04 -3.00627553e-04 -3.71033755e-04 -4.54914457e-04 -5.54161236e-04 -6.70786139e-04 -8.06898537e-04 -9.64674446e-04 -1.14631790e-03 -1.35401420e-03 -1.58987515e-03 -1.85587680e-03 -2.15379047e-03 -2.48510834e-03 -2.85096537e-03 -3.25205943e-03 -3.68857222e-03 -4.16009374e-03 -4.66555310e-03 -5.20315889e-03 -5.77035210e-03 -6.36377458e-03 -6.97925568e-03 -7.61181942e-03 -8.25571393e-03 -8.90446449e-03 -9.55095053e-03 -1.01875065e-02 -1.08060457e-02 -1.13982047e-02 -1.19555069e-02 -1.24695405e-02 -1.29321475e-02 -1.33356188e-02 -1.36728901e-02 -1.39377323e-02 -1.41249300e-02 -1.42304429e-02 -1.42515424e-02 -1.41869180e-02 -1.40367482e-02 -1.38027320e-02 -1.34880766e-02 -1.30974408e-02 -1.26368342e-02 -1.21134734e-02 -1.15356002e-02 -1.09122672e-02 -1.02530983e-02 -9.56803370e-03 -8.86706887e-03 -8.15999762e-03 -7.45617018e-03 -6.76427503e-03 -6.09215289e-03 -5.44664916e-03 -4.83350881e-03 -4.25731575e-03 -3.72147618e-03 -3.22824310e-03 -2.77877766e-03 -2.37324120e-03 -2.01091091e-03 -1.69031178e-03 -1.40935720e-03 -1.16549133e-03 -9.55826864e-04 -7.77273244e-04 -6.26651223e-04 -5.00791183e-04 -3.96613706e-04 -3.11191973e-04 -2.41796493e-04 -1.85923333e-04 -1.41307521e-04 -1.05923559e-04 -7.79751061e-05 -5.58758563e-05 -3.82234704e-05 -2.37682457e-05 -1.13779467e-05 0.00000000e+00
 0.00000000e+00 -7.64969333e-07 -1.63959046e-06 -2.74076160e-06 -4.20004209e-06 -6.17139613e-06 -8.83941077e-06 -1.24281101e-05 -1.72104547e-05 -2.35185753e-05 -3.17547361e-05 -4.24029644e-05 -5.60412102e-05 -7.33538184e-05 -9.51440087e-05 -1.22345959e-04 -1.56035992e-04 -1.97442257e-04 -2.47952220e-04 -3.09117160e-04 -3.82652837e-04 -4.70435420e-04 -5.74491776e-04 -6.96983230e-04 -8.40181996e-04 -1.00643960e-03 -1.19814678e-03 -1.41768468e-03 -1.66736734e-03 -1.94937587e-03 -2.26568527e-03 -2.61798494e-03 -3.00759481e-03 -3.43537895e-03 -3.90165951e-03 -4.40613351e-03 -4.94779593e-03 -5.52487221e-03 -6.13476350e-03 -6.77400802e-03 -7.43826135e-03 -8.12229843e-03 -8.82003931e-03 -9.52460024e-03 -1.02283708e-02 -1.09231173e-02 -1.16001114e-02 -1.22502824e-02 -1.28643908e-02 -1.34332190e-02 -1.39477765e-02 -1.43995116e-02 -1.47805278e-02 -1.50837943e-02 -1.53033474e-02 -1.54344732e-02 -1.54738659e-02 -1.54197541e-02 -1.52719902e-02 -1.50320955e-02 -1.47032593e-02 -1.42902881e-02 -1.37995053e-02 -1.32386027e-02 -1.26164481e-02 -1.19428543e-02 -1.12283191e-02 -1.04837441e-02 -9.72014503e-03 -8.94836435e-03 -8.17879759e-03 -7.42114494e-03 -6.68419696e-03 -5.97566238e-03 -5.30204289e-03 -4.66855777e-03 -4.07911816e-03 -3.53634830e-03 -3.04164900e-03 -2.59529675e-03 -2.19657048e-03 -1.84389767e-03 -1.53501125e-03 -1.26710920e-03 -1.03700968e-03 -8.41295803e-04 -6.76445374e-04 -5.38942422e-04 -4.25368803e-04 -3.32475280e-04 -2.57232586e-04 -1.96863786e-04 -1.48859805e-04 -1.10980323e-04 -8.12423879e-05 -5.78990307e-05 -3.94100256e-05 -2.44066964e-05 -1.16523929e-05 0.00000000e+00
 0.00000000e+00 -5.88474232e-07 -1.28571732e-06 -2.20809653e-06 -3.48735764e-06 -5.27876037e-06 -7.76972686e-06 -1.11891362e-05 -1.58173644e-05 -2.19971252e-05 -3.01451158e-05 -4.07644026e-05 -5.44574148e-05 -7.19393208e-05 -9.40514748e-05 -1.21774516e-04 -1.56240602e-04 -1.98744137e-04 -2.50750287e-04 -3.13900426e-04 -3.90013645e-04 -4.81083355e-04 -5.89268011e-04 -7.16875018e-04 -8.66336934e-04 -1.04017921e-03 -1.24097890e-03 -1.47131401e-03 -1.73370350e-03 -2.03053830e-03 -2.36400398e-03 -2.73599661e-03 -3.14803312e-03 -3.60115870e-03 -4.09585355e-03 -4.63194218e-03 -5.20850850e-03 -5.82382013e-03 -6.47526566e-03 -7.15930822e-03 -7.87145886e-03 -8.60627253e-03 -9.35736922e-03 -1.01174822e-02 -1.08785342e-02 -1.16317424e-02 -1.23677509e-02 -1.30767897e-02 -1.37488577e-02 -1.43739259e-02 -1.49421569e-02 -1.54441353e-02 -1.58711023e-02 -1.62151887e-02 -1.64696382e-02 -1.66290134e-02 -1.66893769e-02 -1.66484396e-02 -1.65056690e-02 -1.62623516e-02 -1.59216044e-02 -1.54883325e-02 -1.49691312e-02 -1.43721345e-02 -1.37068135e-02 -1.29837300e-02 -1.22142557e-02 -1.14102657e-02 -1.05838186e-02 -9.74683762e-03 -8.91080373e-03 -8.08647447e-03 -7.28363933e-03 -6.51092033e-03 -5.77562459e-03 -5.08365203e-03 -4.43945882e-03 -3.84607415e-03 -3.30516497e-03 -2.81714177e-03 -2.38129667e-03 -1.99596414e-03 -1.65869505e-03 -1.36643449e-03 -1.11569548e-03 -9.02721464e-04 -7.23632311e-04 -5.74550154e-04 -4.51702866e-04 -3.51504522e-04 -2.70613316e-04 -2.05968393e-04 -1.54807679e-04 -1.14669200e-04 -8.33785446e-05 -5.90250549e-05 -3.99291834e-05 -2.46031577e-05 -1.17067955e-05 0.00000000e+00
 0.00000000e+00 -3.47951006e-07 -8.01525898e-07 -1.47426420e-06 -2.49573209e-06 -4.02001580e-06 -6.23476789e-06 -9.37095077e-06 -1.37133874e-05 -1.96121830e-05 -2.74950272e-05 -3.78803169e-05 -5.13909663e-05 -6.87686767e-05 -9.08883467e-05 -1.18772192e-04 -1.53603036e-04 -1.96736126e-04 -2.49708700e-04 -3.14246462e-04 -3.92266012e-04 -4.85872233e-04 -5.97349595e-04 -7.29146385e-04 -8.83850875e-04 -1.06415863e-03 -1.27283027e-03 -1.51263933e-03 -1.78631006e-03 -2.09644553e-03 -2.44544668e-03 -2.83542361e-03 -3.26810064e-03 -3.74471758e-03 -4.26592956e-03 -4.83170882e-03 -5.44125173e-03 -6.09289482e-03 -6.78404358e-03 -7.51111794e-03 -8.26951796e-03 -9.05361310e-03 -9.85675791e-03 -1.06713363e-02 -1.14888360e-02 -1.22999534e-02 -1.30947295e-02 -1.38627140e-02 -1.45931570e-02 -1.52752236e-02 -1.58982274e-02 -1.64518781e-02 -1.69265356e-02 -1.73134641e-02 -1.76050785e-02 -1.77951746e-02 -1.78791334e-02 -1.78540927e-02 -1.77190772e-02 -1.74750788e-02 -1.71250836e-02 -1.66740393e-02 -1.61287627e-02 -1.54977865e-02 -1.47911506e-02 -1.40201419e-02 -1.31969932e-02 -1.23345511e-02 -1.14459272e-02 -1.05441451e-02 -9.64179992e-03 -8.75074200e-03 -7.88180004e-03 -7.04455216e-03 -6.24715374e-03 -5.49622624e-03 -4.79680805e-03 -4.15236514e-03 -3.56485631e-03 -3.03484512e-03 -2.56164914e-03 -2.14351585e-03 -1.77781427e-03 -1.46123222e-03 -1.18996942e-03 -9.59918924e-04 -7.66830461e-04 -6.06451505e-04 -4.74643489e-04 -3.67472302e-04 -2.81273559e-04 -2.12694215e-04 -1.58712866e-04 -1.16641526e-04 -8.41118519e-05 -5.90487548e-05 -3.96341252e-05 -2.42630924e-05 -1.14948839e-05 0.00000000e+00
 0.00000000e+00 -3.30567338e-08 -1.65950943e-07 -5.06711517e-07 -1.17995959e-06 -2.33571956e-06 -4.15882370e-06 -6.87906698e-06 -1.07822322e-05 -1.62220590e-05 -2.36331709e-05 -3.35449086e-05 -4.65959318e-05 -6.35493655e-05 -8.53081608e-05 -1.12930233e-04 -1.47642819e-04 -1.90855390e-04 -2.44170325e-04 -3.09390454e-04 -3.88522496e-04 -4.83775331e-04 -5.97552031e-04 -7.32434566e-04 -8.91160172e-04 -1.07658846e-03 -1.29165852e-03 -1.53933562e-03 -1.82254714e-03 -2.14410822e-03 -2.50663748e-03 -2.91246417e-03 -3.36352836e-03 -3.86127629e-03 -4.40655361e-03 -4.99949986e-03 -5.63944743e-03 -6.32482923e-03 -7.05309892e-03 -7.82066777e-03 -8.62286227e-03 -9.45390593e-03 -1.03069286e-02 -1.11740060e-02 -1.20462309e-02 -1.29138175e-02 -1.37662383e-02 -1.45923933e-02 -1.53808086e-02 -1.61198610e-02 -1.67980256e-02 -1.74041385e-02 -1.79276706e-02 -1.83590022e-02 -1.86896933e-02 -1.89127368e-02 -1.90227883e-02 -1.90163617e-02 -1.88919820e-02 -1.86502863e-02 -1.82940676e-02 -1.78282547e-02 -1.72598271e-02 -1.65976630e-02 -1.58523247e-02 -1.50357868e-02 -1.41611160e-02 -1.32421148e-02 -1.22929424e-02 -1.13277288e-02 -1.03601984e-02 -9.40331807e-03 -8.46898518e-03 -7.56776753e-03 -6.70870421e-03 -5.89917324e-03 -5.14482800e-03 -4.44960035e-03 -3.81576506e-03 -3.24405736e-03 -2.73383316e-03 -2.28326017e-03 -1.88952791e-03 -1.54906489e-03 -1.25775223e-03 -1.01112498e-03 -8.04553717e-04 -6.33401828e-04 -4.93155176e-04 -3.79523266e-04 -2.88512314e-04 -2.16471939e-04 -1.60118075e-04 -1.16535220e-04 -8.31613521e-05 -5.77587961e-05 -3.83741054e-05 -2.32896670e-05 -1.09693346e-05 0.00000000e+00
 0.00000000e+00 3.67166148e-07 6.43319916e-07 7.29029705e-07 5.07801630e-07 -1.63002317e-07 -1.46188163e-06 -3.61371925e-06 -6.90123918e-06 -1.16774824e-05 -1.83793235e-05 -2.75419781e-05 -3.98143698e-05 -5.59751266e-05 -7.69488753e-05 -1.03822386e-04 -1.37859998e-04 -1.80517641e-04 -2.33454637e-04 -2.98542366e-04 -3.77868775e-04 -4.73737639e-04 -5.88661440e-04 -7.25346734e-04 -8.86670903e-04 -1.07564933e-03 -1.29539218e-03 -1.54905018e-03 -1.83974923e-03 -2.17051383e-03 -2.54418006e-03 -2.96329904e-03 -3.43003259e-03 -3.94604317e-03 -4.51238096e-03 -5.12937113e-03 -5.79650513e-03 -6.51233999e-03 -7.27440982e-03 -8.07915398e-03 -8.92186596e-03 -9.79666726e-03 -1.06965095e-02 -1.16132082e-02 -1.25375096e-02 -1.34591932e-02 -1.43672089e-02 -1.52498487e-02 -1.60949517e-02 -1.68901377e-02 -1.76230661e-02 -1.82817143e-02 -1.88546691e-02 -1.93314225e-02 -1.97026633e-02 -1.99605560e-02 -2.00989947e-02 -2.01138243e-02 -2.00030165e-02 -1.97667943e-02 -1.94076935e-02 -1.89305580e-02 -1.83424642e-02 -1.76525726e-02 -1.68719102e-02 -1.60130885e-02 -1.50899666e-02 -1.41172712e-02 -1.31101884e-02 -1.20839448e-02 -1.10533947e-02 -1.00326308e-02 -9.03463649e-03 -8.07099180e-03 -7.15164571e-03 -6.28476044e-03 -5.47663153e-03 -4.73168174e-03 -4.05252352e-03 -3.44008134e-03 -2.89376242e-03 -2.41166316e-03 -1.99079781e-03 -1.62733620e-03 -1.31683870e-03 -1.05447813e-03 -8.35240670e-04 -6.54099969e-04 -5.06161030e-04 -3.86772578e-04 -2.91608312e-04 -2.16718929e-04 -1.58557765e-04 -1.13983523e-04 -8.02437880e-05 -5.49430021e-05 -3.59983046e-05 -2.15862557e-05 -1.00830031e-05 0.00000000e+00
 0.00000000e+00 8.64144759e-07 1.64955152e-06 2.26888953e-06 2.61740376e-06 2.56361517e-06 1.93934204e-06 5.28860645e-07 -1.94293735e-06 -5.82348298e-06 -1.15465935e-05 -1.96476171e-05 -3.07795292e-05 -4.57297505e-05 -6.54373513e-05 -9.10101867e-05 -1.23741384e-04 -1.65124476e-04 -2.16866355e-04 -2.80897093e-04 -3.59375585e-04 -4.54689890e-04 -5.69451075e-04 -7.06479394e-04 -8.68781650e-04 -1.05951867e-03 -1.28196203e-03 -1.53943938e-03 -1.83526797e-03 -2.17267651e-03 -2.55471571e-03 -2.98415868e-03 -3.46339253e-03 -3.99430350e-03 -4.57815821e-03 -5.21548428e-03 -5.90595419e-03 -6.64827642e-03 -7.44009833e-03 -8.27792536e-03 -9.15706116e-03 -1.00715727e-02 -1.10142849e-02 -1.19768071e-02 -1.29495952e-02 -1.39220505e-02 -1.48826558e-02 -1.58191488e-02 -1.67187308e-02 -1.75683082e-02 -1.83547619e-02 -1.90652392e-02 -1.96874617e-02 -2.02100409e-02 -2.06227919e-02 -2.09170355e-02 -2.10858779e-02 -2.11244568e-02 -2.10301432e-02 -2.08026885e-02 -2.04443071e-02 -1.99596891e-02 -1.93559360e-02 -1.86424193e-02 -1.78305615e-02 -1.69335473e-02 -1.59659718e-02 -1.49434381e-02 -1.38821226e-02 -1.27983217e-02 -1.17080036e-02 -1.06263813e-02 -9.56752679e-03 -8.54404268e-03 -7.56680306e-03 -6.64477303e-03 -5.78491038e-03 -4.99214865e-03 -4.26945631e-03 -3.61796282e-03 -3.03713934e-03 -2.52502033e-03 -2.07845088e-03 -1.69334555e-03 -1.36494507e-03 -1.08805973e-03 -8.57290075e-04 -6.67218647e-04 -5.12568611e-04 -3.88327763e-04 -2.89838304e-04 -2.12854387e-04 -1.53570573e-04 -1.08625018e-04 -7.50815057e-05 -5.03943824e-05 -3.23601795e-05 -1.90592594e-05 -8.79030933e-06 0.00000000e+00
 0.00000000e+00 1.46958495e-06 2.87657398e-06 4.14966519e-06 5.19989036e-06 5.91115588e-06 6.13005977e-06 5.65478966e-06 4.22294736e-06 1.49819773e-06 -2.94429610e-06 -9.63361290e-06 -1.92198612e-05 -3.24917871e-05 -5.03948612e-05 -7.40493852e-05 -1.04768028e-04 -1.44072075e-04 -1.93705541e-04 -2.55646179e-04 -3.32112311e-04 -4.25564316e-04 -5.38699562e-04 -6.74439541e-04 -8.35908018e-04 -1.02639907e-03 -1.24933405e-03 -1.50820677e-03 -1.80651644e-03 -2.14768831e-03 -2.53498243e-03 -2.97139143e-03 -3.45952874e-03 -4.00150945e-03 -4.59882628e-03 -5.25222415e-03 -5.96157702e-03 -6.72577117e-03 -7.54259972e-03 -8.40867293e-03 -9.31934920e-03 -1.02686915e-02 -1.12494530e-02 -1.22530968e-02 -1.32698510e-02 -1.42888035e-02 -1.52980349e-02 -1.62847927e-02 -1.72357019e-02 -1.81370122e-02 -1.89748764e-02 -1.97356542e-02 -2.04062353e-02 -2.09743728e-02 -2.14290183e-02 -2.17606464e-02 -2.19615597e-02 -2.20261602e-02 -2.19511767e-02 -2.17358360e-02 -2.13819691e-02 -2.08940415e-02 -2.02791040e-02 -1.95466599e-02 -1.87084487e-02 -1.77781523e-02 -1.67710306e-02 -1.57035003e-02 -1.45926731e-02 -1.34558719e-02 -1.23101457e-02 -1.11718051e-02 -1.00559982e-02 -8.97634602e-03 -7.94465079e-03 -6.97068873e-03 -6.06209159e-03 -5.22431727e-03 -4.46070419e-03 -3.77260000e-03 -3.15955161e-03 -2.61954137e-03 -2.14925317e-03 -1.74435239e-03 -1.39976484e-03 -1.10994194e-03 -8.69101887e-04 -6.71439370e-04 -5.11299431e-04 -3.83313444e-04 -2.82497639e-04 -2.04316307e-04 -1.44713107e-04 -1.00114688e-04 -6.74111304e-05 -4.39177207e-05 -2.73221985e-05 -1.56211640e-05 -7.04873717e-06 0.00000000e+00
 0.00000000e+00 2.19523115e-06 4.34829569e-06 6.40827369e-06 8.30646809e-06 9.94685011e-06 1.11957336e-05 1.18704697e-05 1.17269941e-05 1.04461158e-05 7.61849869e-06 2.72837026e-06 -4.86391932e-06 -1.59402601e-05 -3.14437251e-05 -5.24976258e-05 -8.04240850e-05 -1.16761396e-04 -1.63279306e-04 -2.21991236e-04 -2.95162340e-04 -3.85312213e-04 -4.95210999e-04 -6.27867624e-04 -7.86508907e-04 -9.74548382e-04 -1.19554380e-03 -1.45314250e-03 -1.75101418e-03 -2.09277080e-03 -2.48187408e-03 -2.92153127e-03 -3.41458063e-03 -3.96336861e-03 -4.56962133e-03 -5.23431359e-03 -5.95753930e-03 -6.73838744e-03 -7.57482846e-03 -8.46361594e-03 -9.40020848e-03 -1.03787169e-02 -1.13918813e-02 -1.24310820e-02 -1.34863879e-02 -1.45466447e-02 -1.55996049e-02 -1.66320991e-02 -1.76302486e-02 -1.85797156e-02 -1.94659882e-02 -2.02746953e-02 -2.09919416e-02 -2.16046589e-02 -2.21009588e-02 -2.24704809e-02 -2.27047204e-02 -2.27973252e-02 -2.27443489e-02 -2.25444478e-02 -2.21990095e-02 -2.17122051e-02 -2.10909562e-02 -2.03448138e-02 -1.94857469e-02 -1.85278472e-02 -1.74869552e-02 -1.63802222e-02 -1.52256248e-02 -1.40414503e-02 -1.28457778e-02 -1.16559754e-02 -1.04882383e-02 -9.35718631e-03 -8.27553921e-03 -7.25388084e-03 -6.30051906e-03 -5.42144217e-03 -4.62036716e-03 -3.89886978e-03 -3.25658295e-03 -2.69144697e-03 -2.19999400e-03 -1.77764908e-03 -1.41903135e-03 -1.11824138e-03 -8.69122917e-04 -6.65491026e-04 -5.01321366e-04 -3.70898358e-04 -2.68922594e-04 -1.90579750e-04 -1.31574742e-04 -8.81357056e-05 -5.69927679e-05 -3.53365300e-05 -2.07608221e-05 -1.11937493e-05 -4.82040551e-06 0.00000000e+00
 0.00000000e+00 3.05257488e-06 6.08811219e-06 9.08084497e-06 1.19872600e-05 1.47365162e-05 1.72200426e-05 1.92800923e-05 2.06970717e-05 2.11755229e-05 2.03287020e-05 1.76617805e-05 1.25537905e-05 4.23853956e-06 -8.21516032e-06 -2.59234779e-05 -5.02071583e-05 -8.26099889e-05 -1.24915259e-04 -1.79159210e-04 -2.47640363e-04 -3.32923500e-04 -4.37837037e-04 -5.65462471e-04 -7.19114616e-04 -9.02311409e-04 -1.11873221e-03 -1.37216373e-03 -1.66643294e-03 -2.00532680e-03 -2.39249898e-03 -2.83136421e-03 -3.32498171e-03 -3.87592940e-03 -4.48617155e-03 -5.15692304e-03 -5.88851393e-03 -6.68025883e-03 -7.53033559e-03 -8.43567862e-03 -9.39189194e-03 -1.03931871e-02 -1.14323510e-02 -1.25007480e-02 -1.35883601e-02 -1.46838686e-02 -1.57747782e-02 -1.68475854e-02 -1.78879897e-02 -1.88811458e-02 -1.98119538e-02 -2.06653807e-02 -2.14268082e-02 -2.20823966e-02 -2.26194568e-02 -2.30268171e-02 -2.32951746e-02 -2.34174164e-02 -2.33888980e-02 -2.32076659e-02 -2.28746104e-02 -2.23935407e-02 -2.17711701e-02 -2.10170090e-02 -2.01431622e-02 -1.91640343e-02 -1.80959497e-02 -1.69567013e-02 -1.57650432e-02 -1.45401487e-02 -1.33010579e-02 -1.20661389e-02 -1.08525870e-02 -9.67598542e-03 -8.54994618e-03 -7.48584446e-03 -6.49265561e-03 -5.57689596e-03 -4.74266337e-03 -3.99176752e-03 -3.32393552e-03 -2.73707539e-03 -2.22757830e-03 -1.79064036e-03 -1.42058595e-03 -1.11117707e-03 -8.55895852e-04 -6.48191088e-04 -4.81683040e-04 -3.50323840e-04 -2.48513775e-04 -1.71175897e-04 -1.13792938e-04 -7.24115795e-05 -4.36194344e-05 -2.45001480e-05 -1.25715644e-05 -5.71133979e-06 -2.07365686e-06 0.00000000e+00
 0.00000000e+00 4.05251189e-06 8.11821103e-06 1.22016555e-05 1.62898391e-05 2.03426563e-05 2.42824931e-05 2.79827065e-05 3.12547968e-05 3.38341387e-05 3.53642068e-05 3.53793130e-05 3.32859742e-05 2.83431357e-05 1.96415957e-05 6.08310710e-06 -1.36402315e-05 -4.10655465e-05 -7.79768330e-05 -1.26419656e-04 -1.88711773e-04 -2.67448449e-04 -3.65501163e-04 -4.86008369e-04 -6.32357005e-04 -8.08153467e-04 -1.01718295e-03 -1.26335618e-03 -1.55064295e-03 -1.88299200e-03 -2.26423751e-03 -2.69799270e-03 -3.18753179e-03 -3.73566198e-03 -4.34458808e-03 -5.01577271e-03 -5.74979591e-03 -6.54621847e-03 -7.40345362e-03 -8.31865254e-03 -9.28760874e-03 -1.03046869e-02 -1.13627813e-02 -1.24533087e-02 -1.35662398e-02 -1.46901727e-02 -1.58124504e-02 -1.69193246e-02 -1.79961638e-02 -1.90277055e-02 -1.99983481e-02 -2.08924793e-02 -2.16948312e-02 -2.23908577e-02 -2.29671203e-02 -2.34116748e-02 -2.37144423e-02 -2.38675547e-02 -2.38656573e-02 -2.37061564e-02 -2.33893983e-02 -2.29187667e-02 -2.23006889e-02 -2.15445455e-02 -2.06624780e-02 -1.96690996e-02 -1.85811118e-02 -1.74168429e-02 -1.61957224e-02 -1.49377146e-02 -1.36627343e-02 -1.23900738e-02 -1.11378646e-02 -9.92260128e-03 -8.75874725e-03 -7.65843926e-03 -6.63129997e-03 -5.68436195e-03 -4.82209923e-03 -4.04655639e-03 -3.35756024e-03 -2.75299553e-03 -2.22912415e-03 -1.78092706e-03 -1.40244925e-03 -1.08713086e-03 -8.28110093e-04 -6.18488100e-04 -4.51549089e-04 -3.20932855e-04 -2.20759827e-04 -1.45711212e-04 -9.10685712e-05 -5.27182300e-05 -2.71263829e-05 -1.12907192e-05 -2.67395318e-06 8.76018956e-07 1.21539361e-06 0.00000000e+00
 0.00000000e+00 5.20495070e-06 1.04587779e-05 1.58019099e-05 2.12575532e-05 2.68222802e-05 3.24556867e-05 3.80688650e-05 4.35114814e-05 4.85573130e-05 5.28881678e-05 5.60761999e-05 5.75647334e-05 5.66478200e-05 5.24488770e-05 4.38988870e-05 2.97147791e-05 8.37874915e-06 -2.18805803e-05 -6.31041319e-05 -1.17614328e-04 -1.88021779e-04 -2.77225395e-04 -3.88404553e-04 -5.25001988e-04 -6.90696108e-04 -8.89361573e-04 -1.12501714e-03 -1.40176007e-03 -1.72368667e-03 -2.09479898e-03 -2.51889825e-03 -2.99946598e-03 -3.53953454e-03 -4.14154945e-03 -4.80722639e-03 -5.53740664e-03 -6.33191519e-03 -7.18942618e-03 -8.10734116e-03 -9.08168535e-03 -1.01070276e-02 -1.11764295e-02 -1.22814288e-02 -1.34120613e-02 -1.45569259e-02 -1.57032940e-02 -1.68372668e-02 -1.79439791e-02 -1.90078487e-02 -2.00128695e-02 -2.09429415e-02 -2.17822337e-02 -2.25155697e-02 -2.31288276e-02 -2.36093415e-02 -2.39462924e-02 -2.41310749e-02 -2.41576232e-02 -2.40226843e-02 -2.37260212e-02 -2.32705346e-02 -2.26622919e-02 -2.19104546e-02 -2.10271005e-02 -2.00269409e-02 -1.89269396e-02 -1.77458433e-02 -1.65036418e-02 -1.52209796e-02 -1.39185441e-02 -1.26164590e-02 -1.13337109e-02 -1.00876367e-02 -8.89349529e-03 -7.76414094e-03 -6.70981134e-03 -5.73803354e-03 -4.85364524e-03 -4.05892145e-03 -3.35379094e-03 -2.73612300e-03 -2.20206255e-03 -1.74639123e-03 -1.36289343e-03 -1.04470828e-03 -7.84652691e-04 -5.75503993e-04 -4.10235040e-04 -2.82198540e-04 -1.85260569e-04 -1.13886034e-04 -6.31806892e-05 -2.88955424e-05 -7.39996701e-06 4.37020512e-06 8.98380407e-06 8.59958400e-06 5.06140979e-06 0.00000000e+00
 0.00000000e+00 6.51837844e-06 1.31271160e-05 1.99083894e-05 2.69276642e-05 3.42244860e-05 4.18022802e-05 4.96168887e-05 5.75636165e-05 6.54626290e-05 7.30426137e-05 7.99227117e-05 8.55928263e-05 8.93925337e-05 9.04889459e-05 8.78540111e-05 8.02418789e-05 6.61670995e-05 4.38845671e-05 1.13722505e-05 -3.36821289e-05 -9.38892083e-05 -1.72159554e-04 -2.71697318e-04 -3.95984619e-04 -5.48755326e-04 -7.33957062e-04 -9.55700381e-04 -1.21819436e-03 -1.52566811e-03 -1.88227824e-03 -2.29200251e-03 -2.75852085e-03 -3.28508508e-03 -3.87437972e-03 -4.52837667e-03 -5.24818728e-03 -6.03391611e-03 -6.88452099e-03 -7.79768472e-03 -8.76970377e-03 -9.79539994e-03 -1.08680602e-02 -1.19794107e-02 -1.31196287e-02 -1.42773982e-02 -1.54400110e-02 -1.65935153e-02 -1.77229137e-02 -1.88124087e-02 -1.98456927e-02 -2.08062796e-02 -2.16778705e-02 -2.24447471e-02 -2.30921807e-02 -2.36068476e-02 -2.39772370e-02 -2.41940364e-02 -2.42504807e-02 -2.41426482e-02 -2.38696891e-02 -2.34339718e-02 -2.28411346e-02 -2.21000338e-02 -2.12225824e-02 -2.02234775e-02 -1.91198239e-02 -1.79306610e-02 -1.66764129e-02 -1.53782810e-02 -1.40576077e-02 -1.27352398e-02 -1.14309215e-02 -1.01627472e-02 -8.94669958e-03 -7.79629249e-03 -6.72233396e-03 -5.73281335e-03 -4.83291136e-03 -4.02512301e-03 -3.30947754e-03 -2.68383495e-03 -2.14423565e-03 -1.68527973e-03 -1.30051267e-03 -9.82797602e-04 -7.24657440e-04 -5.18574589e-04 -3.57240477e-04 -2.33751113e-04 -1.41748659e-04 -7.55118324e-05 -3.00001072e-05 -8.57920832e-07 1.56143224e-05 2.25157271e-05 2.24206458e-05 1.74692641e-05 9.46854862e-06 0.00000000e+00
 0.00000000e+00 7.99939365e-06 1.61366977e-05 2.45419944e-05 3.33293412e-05 4.25878483e-05 5.23716996e-05 6.26888238e-05 7.34879741e-05 8.46440406e-05 9.59414981e-05 1.07055987e-04 1.17534130e-04 1.26771809e-04 1.33991252e-04 1.38217431e-04 1.38254390e-04 1.32662303e-04 1.19736168e-04 9.74872043e-05 6.36281192e-05 1.55635263e-05 -4.96131462e-05 -1.35114870e-04 -2.44446977e-04 -3.81382530e-04 -5.49925892e-04 -7.54263430e-04 -9.98700535e-04 -1.28758446e-03 -1.62521280e-03 -2.01572803e-03 -2.46299883e-03 -2.97048975e-03 -3.54112118e-03 -4.17712253e-03 -4.87988184e-03 -5.64979606e-03 -6.48612658e-03 -7.38686523e-03 -8.34861624e-03 -9.36649990e-03 -1.04340839e-02 -1.15433474e-02 -1.26846838e-02 -1.38469458e-02 -1.50175367e-02 -1.61825507e-02 -1.73269623e-02 -1.84348657e-02 -1.94897607e-02 -2.04748825e-02 -2.13735682e-02 -2.21696539e-02 -2.28478915e-02 -2.33943746e-02 -2.37969598e-02 -2.40456703e-02 -2.41330645e-02 -2.40545543e-02 -2.38086579e-02 -2.33971703e-02 -2.28252392e-02 -2.21013345e-02 -2.12371053e-02 -2.02471219e-02 -1.91485057e-02 -1.79604579e-02 -1.67037017e-02 -1.53998612e-02 -1.40708040e-02 -1.27379773e-02 -1.14217707e-02 -1.01409362e-02 -8.91209387e-03 -7.74934564e-03 -6.66401286e-03 -5.66450454e-03 -4.75631527e-03 -3.94214339e-03 -3.22211310e-03 -2.59407915e-03 -2.05398986e-03 -1.59628280e-03 -1.21428915e-03 -9.00624734e-04 -6.47550160e-04 -4.47286660e-04 -2.92279099e-04 -1.75402060e-04 -9.01088481e-05 -3.05263864e-05 8.49876601e-06 3.13966269e-05 4.19050114e-05 4.31285897e-05 3.76191640e-05 2.74714168e-05 1.44293956e-05 0.00000000e+00
 0.00000000e+00 9.65221927e-06 1.94961756e-05 2.97162243e-05 4.04815636e-05 5.19376849e-05 6.41966948e-05 7.73261936e-05 9.13364514e-05 1.06165689e-04 1.21663351e-04 1.37571372e-04 1.53503507e-04 1.68922990e-04 1.83118833e-04 1.95181294e-04 2.03977155e-04 2.08125585e-04 2.05975553e-04 1.95585835e-04 1.74708820e-04 1.40779399e-04 9.09102890e-05 2.18951926e-05 -6.97788181e-05 -1.87908358e-04 -3.36538982e-04 -5.19917567e-04 -7.42430969e-04 -1.00853040e-03 -1.32264135e-03 -1.68905928e-03 -2.11183185e-03 -2.59462906e-03 -3.14060313e-03 -3.75224087e-03 -4.43121174e-03 -5.17821552e-03 -5.99283421e-03 -6.87339323e-03 -7.81683741e-03 -8.81862750e-03 -9.87266319e-03 -1.09712382e-02 -1.21050331e-02 -1.32631497e-02 -1.44331928e-02 -1.56013996e-02 -1.67528206e-02 -1.78715504e-02 -1.89410075e-02 -1.99442597e-02 -2.08643890e-02 -2.16848896e-02 -2.23900892e-02 -2.29655823e-02 -2.33986635e-02 -2.36787444e-02 -2.37977410e-02 -2.37504124e-02 -2.35346362e-02 -2.31516029e-02 -2.26059161e-02 -2.19055847e-02 -2.10619003e-02 -2.00891953e-02 -1.90044834e-02 -1.78269930e-02 -1.65776062e-02 -1.52782277e-02 -1.39511097e-02 -1.26181659e-02 -1.13003057e-02 -1.00168252e-02 -8.78488247e-03 -7.61908282e-03 -6.53119222e-03 -5.52998648e-03 -4.62123661e-03 -3.80782124e-03 -3.08994960e-03 -2.46547306e-03 -1.93025960e-03 -1.47860455e-03 -1.10365165e-03 -7.97801501e-04 -5.53088172e-04 -3.61509873e-04 -2.15304330e-04 -1.07164436e-04 -3.03939302e-05 2.09938293e-05 5.22284313e-05 6.77793140e-05 7.13893251e-05 6.61373442e-05 5.45229694e-05 3.85672043e-05 1.99241766e-05 0.00000000e+00
 0.00000000e+00 1.14782135e-05 2.32083889e-05 3.54356474e-05 4.83910073e-05 6.22832955e-05 7.72898515e-05 9.35456876e-05 1.11130824e-04 1.30055588e-04 1.50243758e-04 1.71513524e-04 1.93556366e-04 2.15914065e-04 2.37954212e-04 2.58844713e-04 2.77527964e-04 2.92695486e-04 3.02763978e-04 3.05853879e-04 2.99771648e-04 2.81997049e-04 2.49676825e-04 1.99626162e-04 1.28339340e-04 3.20109128e-05 -9.34313278e-05 -2.52280527e-04 -4.48991209e-04 -6.88105409e-04 -9.74164250e-04 -1.31160517e-03 -1.70464547e-03 -2.15715336e-03 -2.67250844e-03 -3.25345394e-03 -3.90194399e-03 -4.61898957e-03 -5.40450768e-03 -6.25717868e-03 -7.17431710e-03 -8.15176187e-03 -9.18379170e-03 -1.02630715e-02 -1.13806353e-02 -1.25259109e-02 -1.36867898e-02 -1.48497468e-02 -1.60000098e-02 -1.71217813e-02 -1.81985096e-02 -1.92132080e-02 -2.01488148e-02 -2.09885902e-02 -2.17165387e-02 -2.23178469e-02 -2.27793250e-02 -2.30898361e-02 -2.32406978e-02 -2.32260404e-02 -2.30431030e-02 -2.26924508e-02 -2.21780994e-02 -2.15075305e-02 -2.06915911e-02 -1.97442692e-02 -1.86823495e-02 -1.75249525e-02 -1.62929766e-02 -1.50084593e-02 -1.36938905e-02 -1.23715064e-02 -1.10626006e-02 -9.78688832e-03 -8.56195388e-03 -7.40281001e-03 -6.32158777e-03 -5.32736733e-03 -4.42615061e-03 -3.62096728e-03 -2.91209736e-03 -2.29738812e-03 -1.77263829e-03 -1.33202185e-03 -9.68524029e-04 -6.74365144e-04 -4.41392063e-04 -2.61422059e-04 -1.26529177e-04 -2.92683020e-05 3.71634379e-05 7.88247128e-05 1.00981649e-04 1.08105707e-04 1.03909697e-04 9.14139154e-05 7.30350697e-05 5.06916070e-05 2.59202920e-05 0.00000000e+00
 0.00000000e+00 1.34753990e-05 2.72694059e-05 4.16944247e-05 5.70500017e-05 7.36152870e-05 9.16402030e-05 1.11334960e-04 1.32857613e-04 1.56299430e-04 1.81667940e-04 2.08867615e-04 2.37678288e-04 2.67731519e-04 2.98485273e-04 3.29197433e-04 3.58898804e-04 3.86366456e-04 4.10098344e-04 4.28290348e-04 4.38816932e-04 4.39216750e-04 4.26684592e-04 3.98071070e-04 3.49891461e-04 2.78345061e-04 1.79346275e-04 4.85685736e-05 -1.18497855e-04 -3.26474116e-04 -5.80006054e-04 -8.83663243e-04 -1.24182415e-03 -1.65854861e-03 -2.13743927e-03 -2.68149442e-03 -3.29295513e-03 -3.97315029e-03 -4.72234396e-03 -5.53958963e-03 -6.42259689e-03 -7.36761615e-03 -8.36934712e-03 -9.42087715e-03 -1.05136548e-02 -1.16375043e-02 -1.27806843e-02 -1.39299962e-02 -1.50709425e-02 -1.61879371e-02 -1.72645671e-02 -1.82839021e-02 -1.92288491e-02 -2.00825433e-02 -2.08287699e-02 -2.14524034e-02 -2.19398541e-02 -2.22795062e-02 -2.24621323e-02 -2.24812672e-02 -2.23335238e-02 -2.20188317e-02 -2.15405852e-02 -2.09056820e-02 -2.01244455e-02 -1.92104208e-02 -1.81800457e-02 -1.70522021e-02 -1.58476615e-02 -1.45884456e-02 -1.32971298e-02 -1.19961231e-02 -1.07069598e-02 -9.44963972e-03 -8.24205241e-03 -7.09951190e-03 -6.03442535e-03 -5.05610628e-03 -4.17073470e-03 -3.38145617e-03 -2.68860314e-03 -2.09001548e-03 -1.58143277e-03 -1.15692896e-03 -8.09361185e-04 -5.30806887e-04 -3.12968052e-04 -1.47526422e-04 -2.64392382e-05 5.78296549e-05 1.12143761e-04 1.42589611e-04 1.54428065e-04 1.52093494e-04 1.39232347e-04 1.18772742e-04 9.30173795e-05 6.37531688e-05 3.23722108e-05 0.00000000e+00
 0.00000000e+00 1.56380351e-05 3.16676521e-05 4.84749632e-05 6.64346608e-05 8.59031180e-05 1.07210107e-04 1.30648740e-04 1.56463314e-04 1.84834795e-04 2.15863800e-04 2.49551022e-04 2.85775187e-04 3.24268751e-04 3.64591718e-04 4.06104095e-04 4.47937677e-04 4.88967991e-04 5.27787419e-04 5.62680595e-04 5.91603355e-04 6.12166565e-04 6.21626240e-04 6.16881365e-04 5.94480860e-04 5.50641020e-04 4.81274689e-04 3.82033261e-04 2.48362372e-04 7.55719002e-05 -1.41079450e-04 -4.06285091e-04 -7.24577575e-04 -1.10020275e-03 -1.53698265e-03 -2.03816937e-03 -2.60629269e-03 -3.24300495e-03 -3.94892724e-03 -4.72350161e-03 -5.56485442e-03 -6.46967631e-03 -7.43312476e-03 -8.44875491e-03 -9.50848442e-03 -1.06025977e-02 -1.17197939e-02 -1.28472835e-02 -1.39709340e-02 -1.50754690e-02 -1.61447175e-02 -1.71619135e-02 -1.81100409e-02 -1.89722186e-02 -1.97321167e-02 -2.03743955e-02 -2.08851534e-02 -2.12523711e-02 -2.14663362e-02 -2.15200300e-02 -2.14094608e-02 -2.11339227e-02 -2.06961653e-02 -2.01024567e-02 -1.93625277e-02 -1.84893901e-02 -1.74990257e-02 -1.64099515e-02 -1.52426732e-02 -1.40190485e-02 -1.27615859e-02 -1.14927143e-02 -1.02340595e-02 -9.00576601e-03 -7.82589952e-03 -6.70996161e-03 -5.67053874e-03 -4.71709949e-03 -3.85594277e-03 -3.09028974e-03 -2.42050300e-03 -1.84440939e-03 -1.35769828e-03 -9.54365063e-04 -6.27170305e-04 -3.68087851e-04 -1.68719507e-04 -2.06595381e-05 8.42020687e-05 1.53442995e-04 1.93939138e-04 2.11758837e-04 2.12114440e-04 1.99363123e-04 1.77048115e-04 1.47971620e-04 1.14291449e-04 7.76345269e-05 3.92217484e-05 0.00000000e+00
 0.00000000e+00 1.79562580e-05 3.63831766e-05 5.57467791e-05 7.65032979e-05 9.90930065e-05 1.23932568e-04 1.51405478e-04 1.81850255e-04 2.15546088e-04 2.52695789e-04 2.93405968e-04 3.37664526e-04 3.85315667e-04 4.36032799e-04 4.89289883e-04 5.44331906e-04 6.00145352e-04 6.55429697e-04 7.08571071e-04 7.57619375e-04 8.00270214e-04 8.33853075e-04 8.55327197e-04 8.61286552e-04 8.47975313e-04 8.11315044e-04 7.46944697e-04 6.50274303e-04 5.16552930e-04 3.40951232e-04 1.18658457e-04 -1.55006576e-04 -4.84471535e-04 -8.73775206e-04 -1.32642277e-03 -1.84523442e-03 -2.43219065e-03 -3.08827805e-03 -3.81334013e-03 -4.60593821e-03 -5.46322760e-03 -6.38085494e-03 -7.35288230e-03 -8.37174392e-03 -9.42824076e-03 -1.05115779e-02 -1.16094486e-02 -1.27081684e-02 -1.37928602e-02 -1.48476914e-02 -1.58561615e-02 -1.68014353e-02 -1.76667194e-02 -1.84356712e-02 -1.90928337e-02 -1.96240829e-02 -2.00170749e-02 -2.02616769e-02 -2.03503656e-02 -2.02785749e-02 -2.00449727e-02 -1.96516518e-02 -1.91042152e-02 -1.84117437e-02 -1.75866359e-02 -1.66443178e-02 -1.56028235e-02 -1.44822605e-02 -1.33041788e-02 -1.20908694e-02 -1.08646283e-02 -9.64702222e-03 -8.45819604e-03 -7.31625846e-03 -6.23677916e-03 -5.23242135e-03 -4.31272470e-03 -3.48404270e-03 -2.74962757e-03 -2.10984651e-03 -1.56250548e-03 -1.10325156e-03 -7.26022895e-04 -4.23515761e-04 -1.87640973e-04 -9.94657439e-06 1.18010710e-04 2.04356713e-04 2.56659422e-04 2.81757468e-04 2.85653900e-04 2.73468675e-04 2.49441465e-04 2.16975625e-04 1.78714301e-04 1.36640453e-04 9.21937505e-05 4.63987392e-05 0.00000000e+00
 0.00000000e+00 2.04158156e-05 4.13871100e-05 6.34656522e-05 8.71952399e-05 1.13106350e-04 1.41709200e-04 1.73484765e-04 2.08873371e-04 2.48260559e-04 2.91960028e-04 3.40193587e-04 3.93068164e-04 4.50550103e-04 5.12437120e-04 5.78328461e-04 6.47593979e-04 7.19343037e-04 7.92394251e-04 8.65247295e-04 9.36058051e-04 1.00261852e-03 1.06234292e-03 1.11226152e-03 1.14902350e-03 1.16891040e-03 1.16786124e-03 1.14151048e-03 1.08523970e-03 9.94243468e-04 8.63609871e-04 6.88415413e-04 4.63833942e-04 1.85258565e-04 -1.51564876e-04 -5.50394779e-04 -1.01434375e-03 -1.54572474e-03 -2.14589702e-03 -2.81511636e-03 -3.55239409e-03 -4.35537038e-03 -5.22020712e-03 -6.14150619e-03 -7.11225858e-03 -8.12383004e-03 -9.16598785e-03 -1.02269732e-02 -1.12936223e-02 -1.23515380e-02 -1.33853137e-02 -1.43788064e-02 -1.53154586e-02 -1.61786621e-02 -1.69521591e-02 -1.76204695e-02 -1.81693351e-02 -1.85861668e-02 -1.88604796e-02 -1.89842995e-02 -1.89525226e-02 -1.87632095e-02 -1.84177936e-02 -1.79211890e-02 -1.72817805e-02 -1.65112858e-02 -1.56244862e-02 -1.46388256e-02 -1.35738898e-02 -1.24507842e-02 -1.12914372e-02 -1.01178622e-02 -8.95141763e-03 -7.81210409e-03 -6.71793795e-03 -5.68443470e-03 -4.72422810e-03 -3.84684122e-03 -3.05861417e-03 -2.36278248e-03 -1.75968994e-03 -1.24711202e-03 -8.20660416e-04 -4.74237108e-04 -2.00506636e-04 8.64187763e-06 1.61666731e-04 2.66997711e-04 3.32724022e-04 3.66351922e-04 3.74632599e-04 3.63456553e-04 3.37807699e-04 3.01768515e-04 2.58566815e-04 2.10654869e-04 1.59812424e-04 1.07266481e-04 5.38221008e-05 0.00000000e+00
 0.00000000e+00 2.29979239e-05 4.66413658e-05 7.15731549e-05 9.84301522e-05 1.27838806e-04 1.60409007e-04 1.96725748e-04 2.37338179e-04 2.82745735e-04 3.33381100e-04 3.89589940e-04 4.51607428e-04 5.19531806e-04 5.93295328e-04 6.72633168e-04 7.57051019e-04 8.45792300e-04 9.37806045e-04 1.03171670e-03 1.12579717e-03 1.21794656e-03 1.30567410e-03 1.38609069e-03 1.45590969e-03 1.51145812e-03 1.54869975e-03 1.56327091e-03 1.55053017e-03 1.50562215e-03 1.42355598e-03 1.29929818e-03 1.12787951e-03 9.04514826e-04 6.24734603e-04 2.84526111e-04 -1.19518134e-04 -5.90047676e-04 -1.12880074e-03 -1.73645424e-03 -2.41248177e-03 -3.15502458e-03 -3.96078084e-03 -4.82491873e-03 -5.74101889e-03 -6.70105155e-03 -7.69539333e-03 -8.71288808e-03 -9.74095509e-03 -1.07657473e-02 -1.17723600e-02 -1.27450904e-02 -1.36677451e-02 -1.45239911e-02 -1.52977452e-02 -1.59735931e-02 -1.65372272e-02 -1.69758913e-02 -1.72788174e-02 -1.74376376e-02 -1.74467536e-02 -1.73036437e-02 -1.70090898e-02 -1.65673042e-02 -1.59859417e-02 -1.52759840e-02 -1.44514918e-02 -1.35292234e-02 -1.25281302e-02 -1.14687465e-02 -1.03725008e-02 -9.26098041e-03 -8.15519019e-03 -7.07484455e-03 -6.03773308e-03 -5.05919444e-03 -4.15172561e-03 -3.32474356e-03 -2.58450515e-03 -1.93417956e-03 -1.37405756e-03 -9.01873286e-04 -5.13209199e-04 -2.01951812e-04 3.92335281e-05 2.18437861e-04 3.44078118e-04 4.24519306e-04 4.67761436e-04 4.81197122e-04 4.71440350e-04 4.44222573e-04 4.04349123e-04 3.55707049e-04 3.01314732e-04 2.43403792e-04 1.83524698e-04 1.22668836e-04 6.14012700e-05 0.00000000e+00
 0.00000000e+00 2.56792649e-05 5.20986320e-05 7.99966241e-05 1.10107974e-04 1.43160166e-04 1.79868162e-04 2.20926769e-04 2.67000223e-04 3.18708608e-04 3.76610885e-04 4.41184411e-04 5.12800984e-04 5.91699627e-04 6.77956485e-04 7.71452416e-04 8.71839012e-04 9.78504014e-04 1.09053721e-03 1.20669810e-03 1.32538668e-03 1.44461886e-03 1.56200806e-03 1.67475440e-03 1.77964315e-03 1.87305376e-03 1.95098066e-03 2.00906703e-03 2.04265236e-03 2.04683429e-03 2.01654501e-03 1.94664218e-03 1.83201376e-03 1.66769587e-03 1.44900237e-03 1.17166414e-03 8.31975850e-04 4.26947280e-04 -4.55442117e-05 -5.86603972e-04 -1.19617745e-03 -1.87291948e-03 -2.61408063e-03 -3.41541588e-03 -4.27112099e-03 -5.17380191e-03 -6.11448218e-03 -7.08265252e-03 -8.06636662e-03 -9.05238531e-03 -1.00263709e-02 -1.09731314e-02 -1.18769129e-02 -1.27217366e-02 -1.34917756e-02 -1.41717626e-02 -1.47474198e-02 -1.52058991e-02 -1.55362174e-02 -1.57296716e-02 -1.57802156e-02 -1.56847784e-02 -1.54435061e-02 -1.50599071e-02 -1.45408843e-02 -1.38966415e-02 -1.31404565e-02 -1.22883200e-02 -1.13584493e-02 -1.03706930e-02 -9.34585273e-03 -8.30495508e-03 -7.26851329e-03 -6.25581885e-03 -5.28430390e-03 -4.36900997e-03 -3.52219109e-03 -2.75306906e-03 -2.06774740e-03 -1.46927890e-03 -9.57871008e-04 -5.31205172e-04 -1.84840258e-04 8.73323880e-05 2.92614411e-04 4.39035832e-04 5.34924919e-04 5.88531185e-04 6.07713677e-04 5.99700511e-04 5.70920085e-04 5.26899986e-04 4.72226414e-04 4.10555031e-04 3.44663424e-04 2.76535544e-04 2.07469444e-04 1.38201013e-04 6.90379778e-05 0.00000000e+00
 0.00000000e+00 2.84321468e-05 5.77026897e-05 8.86496362e-05 1.22109543e-04 1.58915124e-04 1.99890909e-04 2.45846395e-04 2.97566201e-04 3.55796834e-04 4.21229806e-04 4.94480953e-04 5.76065999e-04 6.66372544e-04 7.65628873e-04 8.73870157e-04 9.90902831e-04 1.11626810e-03 1.24920574e-03 1.38861946e-03 1.53304534e-03 1.68062472e-03 1.82908332e-03 1.97571795e-03 2.11739250e-03 2.25054460e-03 2.37120418e-03 2.47502505e-03 2.55733039e-03 2.61317253e-03 2.63740750e-03 2.62478395e-03 2.57004610e-03 2.46804974e-03 2.31388986e-03 2.10303820e-03 1.83148829e-03 1.49590535e-03 1.09377764e-03 6.23565672e-04 8.48450532e-05 -5.21561656e-04 -1.19346888e-03 -1.92723293e-03 -2.71768308e-03 -3.55808386e-03 -4.44013365e-03 -5.35400377e-03 -6.28842195e-03 -7.23080297e-03 -8.16742823e-03 -9.08367451e-03 -9.96429083e-03 -1.07937205e-02 -1.15564633e-02 -1.22374714e-02 -1.28225694e-02 -1.32988869e-02 -1.36552914e-02 -1.38828035e-02 -1.39749785e-02 -1.39282341e-02 -1.37421044e-02 -1.34194016e-02 -1.29662670e-02 -1.23920974e-02 -1.17093394e-02 -1.09331490e-02 -1.00809240e-02 -9.17172571e-03 -8.22561466e-03 -7.26293323e-03 -6.30357452e-03 -5.36627829e-03 -4.46799490e-03 -3.62335337e-03 -2.84426218e-03 -2.13966138e-03 -1.51543279e-03 -9.74463648e-04 -5.16848395e-04 -1.40204521e-04 1.59927202e-04 3.89630680e-04 5.56142971e-04 6.67392744e-04 7.31573430e-04 7.56769726e-04 7.50649636e-04 7.20227924e-04 6.71701311e-04 6.10351286e-04 5.40507201e-04 4.65560439e-04 3.88019677e-04 3.09597576e-04 2.31320145e-04 1.53651494e-04 7.66283159e-05 0.00000000e+00
 0.00000000e+00 3.12248369e-05 6.33890830e-05 9.74330227e-05 1.34297973e-04 1.74925024e-04 2.20251703e-04 2.71205958e-04 3.28696941e-04 3.93602161e-04 4.66750718e-04 5.48902449e-04 6.40722999e-04 7.42755011e-04 8.55385806e-04 9.78812152e-04 1.11300292e-03 1.25766058e-03 1.41218281e-03 1.57562547e-03 1.74666844e-03 1.92358596e-03 2.10422306e-03 2.28597963e-03 2.46580388e-03 2.64019645e-03 2.80522668e-03 2.95656191e-03 3.08951086e-03 3.19908148e-03 3.28005354e-03 3.32706576e-03 3.33471697e-03 3.29768035e-03 3.21082936e-03 3.06937355e-03 2.86900209e-03 2.60603216e-03 2.27755930e-03 1.88160587e-03 1.41726391e-03 8.84827861e-04 2.85912489e-04 -3.76448751e-04 -1.09773007e-03 -1.87186931e-03 -2.69125832e-03 -3.54677211e-03 -4.42784072e-03 -5.32256654e-03 -6.21788942e-03 -7.09980000e-03 -7.95360074e-03 -8.76421223e-03 -9.51652064e-03 -1.01957600e-02 -1.07879207e-02 -1.12801745e-02 -1.16613009e-02 -1.19221017e-02 -1.20557848e-02 -1.20582982e-02 -1.19285949e-02 -1.16688081e-02 -1.12843186e-02 -1.07837004e-02 -1.01785350e-02 -9.48309092e-03 -8.71387617e-03 -7.88907827e-03 -7.02791626e-03 -6.14993769e-03 -5.27429868e-03 -4.41906873e-03 -3.60060080e-03 -2.83300318e-03 -2.12774214e-03 -1.49339395e-03 -9.35553748e-04 -4.56896622e-04 -5.73758615e-05 2.65465383e-04 5.16098701e-04 7.00563686e-04 8.26002085e-04 9.00202225e-04 9.31178297e-04 9.26803049e-04 8.94505924e-04 8.41042375e-04 7.72334539e-04 6.93379001e-04 6.08214189e-04 5.19938087e-04 4.30766246e-04 3.42120385e-04 2.54738851e-04 1.68801731e-04 8.40650353e-05 0.00000000e+00
 0.00000000e+00 3.40220707e-05 6.90861479e-05 1.06236439e-04 1.46520788e-04 1.90990612e-04 2.40698620e-04 2.96693687e-04 3.60012310e-04 4.31666188e-04 5.12625606e-04 6.03798422e-04 7.06004670e-04 8.19946930e-04 9.46176870e-04 1.08505854e-03 1.23672924e-03 1.40105899e-03 1.57760977e-03 1.76559603e-03 1.96384784e-03 2.17077854e-03 2.38435829e-03 2.60209544e-03 2.82102725e-03 3.03772144e-03 3.24828992e-03 3.44841592e-03 3.63339510e-03 3.79819153e-03 3.93750835e-03 4.04587321e-03 4.11773779e-03 4.14759042e-03 4.13008045e-03 4.06015262e-03 3.93318905e-03 3.74515648e-03 3.49275542e-03 3.17356811e-03 2.78620110e-03 2.33041868e-03 1.80726235e-03 1.21915197e-03 5.69963593e-04 -1.34920773e-04 -8.88596018e-04 -1.68265387e-03 -2.50724365e-03 -3.35117707e-03 -4.20207914e-03 -5.04658645e-03 -5.87059241e-03 -6.65953775e-03 -7.39874262e-03 -8.07377468e-03 -8.67084554e-03 -9.17722534e-03 -9.58166288e-03 -9.87479647e-03 -1.00495379e-02 -1.01014111e-02 -1.00288244e-02 -9.83325693e-03 -9.51934135e-03 -9.09482552e-03 -8.57040532e-03 -7.95942421e-03 -7.27744541e-03 -6.54171140e-03 -5.77051461e-03 -4.98251137e-03 -4.19601735e-03 -3.42832531e-03 -2.69508592e-03 -2.00978794e-03 -1.38336654e-03 -8.23958724e-04 -3.36813114e-04 7.56501648e-05 4.13644408e-04 6.79709599e-04 8.78323359e-04 1.01546168e-03 1.09814137e-03 1.13397319e-03 1.13075011e-03 1.09608872e-03 1.03713575e-03 9.60345102e-04 8.71325434e-04 7.74753822e-04 6.74348025e-04 5.72887930e-04 4.72276191e-04 3.73628372e-04 2.77383964e-04 1.83431167e-04 9.12400079e-05 0.00000000e+00
 0.00000000e+00 3.67857328e-05 7.47163904e-05 1.14940471e-04 1.58612813e-04 2.06895764e-04 2.60958014e-04 3.21970391e-04 3.91098038e-04 4.69488457e-04 5.58255074e-04 6.58456094e-04 7.71068647e-04 8.96958352e-04 1.03684471e-03 1.19126291e-03 1.36052289e-03 1.54466664e-03 1.74342517e-03 1.95617633e-03 2.18190528e-03 2.41916919e-03 2.66606801e-03 2.92022284e-03 3.17876389e-03 3.43832928e-03 3.69507629e-03 3.94470602e-03 4.18250245e-03 4.40338632e-03 4.60198405e-03 4.77271154e-03 4.90987212e-03 5.00776774e-03 5.06082202e-03 5.06371328e-03 5.01151533e-03 4.89984357e-03 4.72500335e-03 4.48413717e-03 4.17536727e-03 3.79792950e-03 3.35229419e-03 2.84026972e-03 2.26508406e-03 1.63143976e-03 9.45537919e-04 2.15066798e-04 -5.50848645e-04 -1.34173957e-03 -2.14593080e-03 -2.95072445e-03 -3.74262989e-03 -4.50763852e-03 -5.23154054e-03 -5.90027859e-03 -6.50033128e-03 -7.01911688e-03 -7.44540534e-03 -7.76972399e-03 -7.98473998e-03 -8.08560048e-03 -8.07021063e-03 -7.93942887e-03 -7.69716092e-03 -7.35033668e-03 -6.90875958e-03 -6.38482468e-03 -5.79311059e-03 -5.14985916e-03 -4.47236649e-03 -3.77831668e-03 -3.08509588e-03 -2.40912723e-03 -1.76526669e-03 -1.16629568e-03 -6.22539141e-04 -1.41627411e-04 2.71590609e-04 6.14987425e-04 8.88964727e-04 1.09615218e-03 1.24102615e-03 1.32947998e-03 1.36837718e-03 1.36511596e-03 1.32722902e-03 1.26203622e-03 1.17636151e-03 1.07631950e-03 9.67171178e-04 8.53244383e-04 7.37911400e-04 6.23614264e-04 5.11927845e-04 4.03651150e-04 2.98918330e-04 1.97322448e-04 9.80467738e-05 0.00000000e+00
 0.00000000e+00 3.94756943e-05 8.01981836e-05 1.23419242e-04 1.70399749e-04 2.22412133e-04 2.80740339e-04 3.46676596e-04 4.21514335e-04 5.06536740e-04 6.03000518e-04 7.12114662e-04 8.35014154e-04 9.72728753e-04 1.12614725e-03 1.29597777e-03 1.48270502e-03 1.68654549e-03 1.90740194e-03 2.14481864e-03 2.39793900e-03 2.66546736e-03 2.94563670e-03 3.23618414e-03 3.53433588e-03 3.83680325e-03 4.13979135e-03 4.43902122e-03 4.72976675e-03 5.00690652e-03 5.26499097e-03 5.49832457e-03 5.70106243e-03 5.86732012e-03 5.99129561e-03 6.06740114e-03 6.09040308e-03 6.05556713e-03 5.95880590e-03 5.79682577e-03 5.56726939e-03 5.26884999e-03 4.90147359e-03 4.46634470e-03 3.96605120e-03 3.40462410e-03 2.78756766e-03 2.12185587e-03 1.41589152e-03 6.79424465e-04 -7.65732607e-05 -8.40077321e-04 -1.59822627e-03 -2.33758125e-03 -3.04442772e-03 -3.70511468e-03 -4.30642495e-03 -4.83596748e-03 -5.28258017e-03 -5.63672905e-03 -5.89088717e-03 -6.03987450e-03 -6.08113871e-03 -6.01495669e-03 -5.84453770e-03 -5.57601245e-03 -5.21829716e-03 -4.78282888e-03 -4.28317639e-03 -3.73454063e-03 -3.15316731e-03 -2.55570280e-03 -1.95852999e-03 -1.37712411e-03 -8.25467615e-04 -3.15559335e-04 1.42954136e-04 5.43006916e-04 8.80195133e-04 1.15271542e-03 1.36117518e-03 1.50829751e-03 1.59854901e-03 1.63772152e-03 1.63249838e-03 1.59003284e-03 1.51756182e-03 1.42207202e-03 1.31002936e-03 1.18717646e-03 1.05839780e-03 9.27647702e-04 7.97933578e-04 6.71345187e-04 5.49119941e-04 4.31734933e-04 3.19017365e-04 2.10266640e-04 1.04383094e-04 0.00000000e+00
 0.00000000e+00 4.20507825e-05 8.54477362e-05 1.31543431e-04 1.81702339e-04 2.37304567e-04 2.99746979e-04 3.70440958e-04 4.50806095e-04 5.42259269e-04 6.46198659e-04 7.63982446e-04 8.96902111e-04 1.04615047e-03 1.21278484e-03 1.39768584e-03 1.60151289e-03 1.82465724e-03 2.06719407e-03 2.32883507e-03 2.60888327e-03 2.90619182e-03 3.21912866e-03 3.54554901e-03 3.88277733e-03 4.22760051e-03 4.57627377e-03 4.92454044e-03 5.26766653e-03 5.60049062e-03 5.91748921e-03 6.21285745e-03 6.48060427e-03 6.71466117e-03 6.90900308e-03 7.05777934e-03 7.15545277e-03 7.19694422e-03 7.17777965e-03 7.09423674e-03 6.94348741e-03 6.72373273e-03 6.43432634e-03 6.07588208e-03 5.65036206e-03 5.16114054e-03 4.61303978e-03 4.01233366e-03 3.36671536e-03 2.68522593e-03 1.97814103e-03 1.25681389e-03 5.33473982e-04 -1.79018420e-04 -8.67459451e-04 -1.51862689e-03 -2.11963724e-03 -2.65832633e-03 -3.12364210e-03 -3.50603613e-03 -3.79783725e-03 -3.99358897e-03 -4.09033073e-03 -4.08780275e-03 -3.98855571e-03 -3.79794933e-03 -3.52402899e-03 -3.17727654e-03 -2.77023950e-03 -2.31705218e-03 -1.83287113e-03 -1.33325502e-03 -8.33525339e-04 -3.48146293e-04 1.09837469e-04 5.29271463e-04 9.01243318e-04 1.21929879e-03 1.47951545e-03 1.68043849e-03 1.82289326e-03 1.90969677e-03 1.94529590e-03 1.93536239e-03 1.88637422e-03 1.80521020e-03 1.69877986e-03 1.57370511e-03 1.43606377e-03 1.29119951e-03 1.14359723e-03 9.96819259e-04 8.53494527e-04 7.15351687e-04 5.83286398e-04 4.57453633e-04 3.37376959e-04 2.22068302e-04 1.10153423e-04 0.00000000e+00
 0.00000000e+00 4.44698504e-05 9.03812646e-05 1.39183620e-04 1.92340984e-04 2.51337135e-04 3.17677851e-04 3.92889663e-04 4.78514342e-04 5.76098524e-04 6.87178004e-04 8.13256403e-04 9.55778111e-04 1.11609563e-03 1.29543163e-03 1.49483646e-03 1.71514176e-03 1.95691147e-03 2.22039161e-03 2.50546018e-03 2.81157919e-03 3.13775050e-03 3.48247749e-03 3.84373442e-03 4.21894545e-03 4.60497493e-03 4.99813061e-03 5.39418084e-03 5.78838689e-03 6.17555083e-03 6.55007916e-03 6.90606190e-03 7.23736660e-03 7.53774595e-03 7.80095778e-03 8.02089533e-03 8.19172567e-03 8.30803382e-03 8.36496953e-03 8.35839374e-03 8.28502144e-03 8.14255711e-03 7.92981932e-03 7.64685036e-03 7.29500697e-03 6.87702824e-03 6.39707639e-03 5.86074693e-03 5.27504415e-03 4.64831899e-03 3.99016627e-03 3.31127957e-03 2.62326249e-03 1.93839665e-03 1.26936802e-03 6.28955139e-04 2.96848637e-05 -5.16536279e-04 -9.98804472e-04 -1.40760125e-03 -1.73516040e-03 -1.97580078e-03 -2.12620560e-03 -2.18562797e-03 -2.15600424e-03 -2.04195942e-03 -1.85069404e-03 -1.59174876e-03 -1.27665084e-03 -9.18455925e-04 -5.31207076e-04 -1.29340583e-04 2.72926287e-04 6.62187998e-04 1.02638702e-03 1.35526087e-03 1.64067437e-03 1.87682070e-03 2.06028565e-03 2.18997982e-03 2.26695313e-03 2.29411352e-03 2.27587665e-03 2.21777584e-03 2.12606043e-03 2.00730852e-03 1.86807501e-03 1.71459049e-03 1.55252035e-03 1.38678829e-03 1.22146274e-03 1.05970166e-03 9.03747839e-04 7.54965692e-04 6.13910257e-04 4.80419299e-04 3.53720891e-04 2.32550231e-04 1.15271231e-04 0.00000000e+00
 0.00000000e+00 4.66929054e-05 9.49172877e-05 1.46213827e-04 2.02140633e-04 2.64279535e-04 3.34239521e-04 4.13656487e-04 5.04188520e-04 6.07506091e-04 7.25276651e-04 8.59143314e-04 1.01069749e-03 1.18144557e-03 1.37277008e-03 1.58588571e-03 1.82179139e-03 2.08121929e-03 2.36458226e-03 2.67192127e-03 3.00285463e-03 3.35653102e-03 3.73158811e-03 4.12611900e-03 4.53764818e-03 4.96311904e-03 5.39889426e-03 5.84077060e-03 6.28400887e-03 6.72337980e-03 7.15322589e-03 7.56753905e-03 7.96005330e-03 8.32435144e-03 8.65398416e-03 8.94259973e-03 9.18408196e-03 9.37269396e-03 9.50322481e-03 9.57113611e-03 9.57270509e-03 9.50516087e-03 9.36681014e-03 9.15714865e-03 8.87695446e-03 8.52835933e-03 8.11489411e-03 7.64150456e-03 7.11453386e-03 6.54166869e-03 5.93184601e-03 5.29511846e-03 4.64247716e-03 3.98563187e-03 3.33674992e-03 2.70815711e-03 2.11200582e-03 1.55991822e-03 1.06261476e-03 6.29541332e-04 2.68510642e-04 -1.46241720e-05 -2.16244316e-04 -3.35168977e-04 -3.72769534e-04 -3.32979187e-04 -2.22187787e-04 -4.90183894e-05 1.76009946e-04 4.40919913e-04 7.32792669e-04 1.03833464e-03 1.34446043e-03 1.63885563e-03 1.91048409e-03 2.15000861e-03 2.35010085e-03 2.50562541e-03 2.61369312e-03 2.67358887e-03 2.68658798e-03 2.65568271e-03 2.58524454e-03 2.48065040e-03 2.34789983e-03 2.19324749e-03 2.02287104e-03 1.84258862e-03 1.65763488e-03 1.47249874e-03 1.29082162e-03 1.11535095e-03 9.47941660e-04 7.89596500e-04 6.40536323e-04 5.00291553e-04 3.67807517e-04 2.41557746e-04 1.19661083e-04 0.00000000e+00
 0.00000000e+00 4.86822523e-05 9.89789539e-05 1.52515100e-04 2.10935764e-04 2.75913618e-04 3.49153496e-04 4.32393114e-04 5.27399150e-04 6.35958010e-04 7.59860756e-04 9.00881840e-04 1.06075149e-03 1.24112186e-03 1.44352721e-03 1.66933882e-03 1.91971545e-03 2.19555049e-03 2.49741722e-03 2.82551394e-03 3.17961050e-03 3.55899860e-03 3.96244756e-03 4.38816781e-03 4.83378404e-03 5.29631985e-03 5.77219551e-03 6.25724023e-03 6.74671991e-03 7.23538094e-03 7.71751035e-03 8.18701187e-03 8.63749749e-03 9.06239305e-03 9.45505662e-03 9.80890760e-03 1.01175642e-02 1.03749873e-02 1.05756264e-02 1.07145671e-02 1.07876741e-02 1.07917286e-02 1.07245544e-02 1.05851321e-02 1.03736936e-02 1.00917975e-02 9.74237780e-03 9.32976526e-03 8.85967566e-03 8.33916327e-03 7.77653589e-03 7.18122954e-03 6.56364158e-03 5.93492175e-03 5.30672263e-03 4.69091227e-03 4.09925420e-03 3.54306230e-03 3.03284060e-03 2.57792106e-03 2.18611462e-03 1.86339324e-03 1.61362194e-03 1.43835962e-03 1.33674668e-03 1.30549369e-03 1.33898086e-03 1.42947112e-03 1.56743205e-03 1.74195338e-03 1.94123884e-03 2.15314437e-03 2.36572976e-03 2.56778933e-03 2.74932777e-03 2.90195214e-03 3.01915732e-03 3.09649141e-03 3.13159707e-03 3.12413432e-03 3.07559898e-03 2.98905746e-03 2.86882268e-03 2.72009788e-03 2.54861389e-03 2.36028300e-03 2.16088781e-03 1.95581858e-03 1.74986696e-03 1.54707871e-03 1.35066393e-03 1.16295960e-03 9.85436918e-04 8.18745016e-04 6.62782082e-04 5.16785718e-04 3.79435521e-04 2.48962346e-04 1.23260421e-04 0.00000000e+00
 0.00000000e+00 5.04036024e-05 1.02496300e-04 1.57979008e-04 2.18575235e-04 2.86039778e-04 3.62164360e-04 4.48779290e-04 5.47750320e-04 6.60969987e-04 7.90342896e-04 9.37764548e-04 1.10509355e-03 1.29411729e-03 1.50651134e-03 1.74379328e-03 2.00727174e-03 2.29799187e-03 2.61667865e-03 2.96367974e-03 3.33890970e-03 3.74179758e-03 4.17124010e-03 4.62556237e-03 5.10248830e-03 5.59912258e-03 6.11194586e-03 6.63682466e-03 7.16903683e-03 7.70331343e-03 8.23389707e-03 8.75461653e-03 9.25897700e-03 9.74026469e-03 1.01916644e-02 1.06063881e-02 1.09778119e-02 1.12996196e-02 1.15659489e-02 1.17715390e-02 1.19118736e-02 1.19833193e-02 1.19832530e-02 1.19101768e-02 1.17638156e-02 1.15451941e-02 1.12566899e-02 1.09020582e-02 1.04864262e-02 1.00162519e-02 9.49924706e-03 8.94425923e-03 8.36111421e-03 7.76041671e-03 7.15331112e-03 6.55120510e-03 5.96546089e-03 5.40706169e-03 4.88626316e-03 4.41224262e-03 3.99276128e-03 3.63385654e-03 3.33958295e-03 3.11182011e-03 2.95016450e-03 2.85191889e-03 2.81218800e-03 2.82408281e-03 2.87902806e-03 2.96715963e-03 3.07779114e-03 3.19992232e-03 3.32275800e-03 3.43620466e-03 3.53131306e-03 3.60063952e-03 3.63850553e-03 3.64114321e-03 3.60672393e-03 3.53527595e-03 3.42850511e-03 3.28953850e-03 3.12261498e-03 2.93274757e-03 2.72538210e-03 2.50607338e-03 2.28019619e-03 2.05270318e-03 1.82793684e-03 1.60949766e-03 1.40016640e-03 1.20187551e-03 1.01572226e-03 8.42015363e-04 6.80346549e-04 5.29679367e-04 3.88448523e-04 2.54664652e-04 1.26021001e-04 0.00000000e+00
 0.00000000e+00 5.18271013e-05 1.05408347e-04 1.62510888e-04 2.24926807e-04 2.94482916e-04 3.73047402e-04 4.62532377e-04 5.64891486e-04 6.82111818e-04 8.16199557e-04 9.69158957e-04 1.14296445e-03 1.33952593e-03 1.56064754e-03 1.80798052e-03 2.08297108e-03 2.38680433e-03 2.72034587e-03 3.08408264e-03 3.47806498e-03 3.90185188e-03 4.35446170e-03 4.83433037e-03 5.33927930e-03 5.86649481e-03 6.41252098e-03 6.97326721e-03 7.54403156e-03 8.11954073e-03 8.69400663e-03 9.26119952e-03 9.81453692e-03 1.03471872e-02 1.08521863e-02 1.13225655e-02 1.17514880e-02 1.21323922e-02 1.24591381e-02 1.27261540e-02 1.29285809e-02 1.30624108e-02 1.31246151e-02 1.31132609e-02 1.30276099e-02 1.28681978e-02 1.26368902e-02 1.23369113e-02 1.19728415e-02 1.15505825e-02 1.10772851e-02 1.05612391e-02 1.00117227e-02 9.43881176e-03 8.85315019e-03 8.26568335e-03 7.68736027e-03 7.12881157e-03 6.60001291e-03 6.10994672e-03 5.66627678e-03 5.27505268e-03 4.94046182e-03 4.66464663e-03 4.44760283e-03 4.28717170e-03 4.17913368e-03 4.11740511e-03 4.09433196e-03 4.10106734e-03 4.12801218e-03 4.16529305e-03 4.20324709e-03 4.23288317e-03 4.24628969e-03 4.23696411e-03 4.20004546e-03 4.13243932e-03 4.03283332e-03 3.90160978e-03 3.74066890e-03 3.55318212e-03 3.34329786e-03 3.11582355e-03 2.87590641e-03 2.62873279e-03 2.37926184e-03 2.13200452e-03 1.89085410e-03 1.65896968e-03 1.43871059e-03 1.23161633e-03 1.03842523e-03 8.59123466e-04 6.93016764e-04 5.38817104e-04 3.94738432e-04 2.58596530e-04 1.27909912e-04 0.00000000e+00
 0.00000000e+00 5.29282295e-05 1.07664941e-04 1.66032700e-04 2.29881131e-04 3.01097722e-04 3.81615393e-04 4.73415884e-04 5.78528059e-04 6.99020387e-04 8.36986965e-04 9.94526690e-04 1.17371533e-03 1.37657058e-03 1.60501028e-03 1.86080461e-03 2.14552283e-03 2.46047606e-03 2.80665735e-03 3.18468081e-03 3.59472178e-03 4.03646010e-03 4.50902858e-03 5.01096907e-03 5.54019798e-03 6.09398362e-03 6.66893668e-03 7.26101578e-03 7.86554878e-03 8.47727091e-03 9.09037962e-03 9.69860624e-03 1.02953035e-02 1.08735482e-02 1.14262563e-02 1.19463107e-02 1.24266969e-02 1.28606454e-02 1.32417781e-02 1.35642551e-02 1.38229189e-02 1.40134328e-02 1.41324103e-02 1.41775318e-02 1.41476448e-02 1.40428454e-02 1.38645360e-02 1.36154562e-02 1.32996850e-02 1.29226087e-02 1.24908543e-02 1.20121846e-02 1.14953544e-02 1.09499270e-02 1.03860529e-02 9.81421259e-03 9.24492969e-03 8.68845990e-03 8.15446731e-03 7.65169936e-03 7.18767533e-03 6.76840456e-03 6.39815148e-03 6.07926407e-03 5.81208073e-03 5.59492686e-03 5.42420802e-03 5.29459992e-03 5.19932894e-03 5.13052960e-03 5.07965908e-03 5.03794363e-03 4.99682859e-03 4.94840309e-03 4.88577228e-03 4.80335418e-03 4.69708478e-03 4.56452223e-03 4.40484946e-03 4.21878196e-03 4.00839418e-03 3.77688308e-03 3.52828994e-03 3.26720258e-03 2.99845892e-03 2.72686995e-03 2.45697640e-03 2.19284899e-03 1.93793736e-03 1.69496894e-03 1.46589496e-03 1.25187877e-03 1.05331933e-03 8.69902404e-04 7.00671760e-04 5.44113439e-04 3.98247432e-04 2.60722333e-04 1.28910179e-04 0.00000000e+00
 0.00000000e+00 5.36885367e-05 1.09228255e-04 1.68485369e-04 2.33355036e-04 3.05773046e-04 3.87724231e-04 4.81246602e-04 5.88430315e-04 7.11410676e-04 8.52354574e-04 1.01343987e-03 1.19682755e-03 1.40462659e-03 1.63885193e-03 1.90137599e-03 2.19387473e-03 2.51776944e-03 2.87416554e-03 3.26379044e-03 3.68693209e-03 4.14338055e-03 4.63237472e-03 5.15255642e-03 5.70193407e-03 6.27785796e-03 6.87700886e-03 7.49540165e-03 8.12840478e-03 8.77077665e-03 9.41671886e-03 1.00599463e-02 1.06937734e-02 1.13112152e-02 1.19051017e-02 1.24682046e-02 1.29933716e-02 1.34736686e-02 1.39025253e-02 1.42738816e-02 1.45823313e-02 1.48232606e-02 1.49929775e-02 1.50888289e-02 1.51093018e-02 1.50541051e-02 1.49242290e-02 1.47219783e-02 1.44509760e-02 1.41161353e-02 1.37235959e-02 1.32806240e-02 1.27954740e-02 1.22772111e-02 1.17354982e-02 1.11803473e-02 1.06218427e-02 1.00698424e-02 9.53366713e-03 9.02178978e-03 8.54153912e-03 8.09883337e-03 7.69795998e-03 7.34141711e-03 7.02983059e-03 6.76195631e-03 6.53477381e-03 6.34367020e-03 6.18270767e-03 6.04496081e-03 5.92290459e-03 5.80882874e-03 5.69525237e-03 5.57531163e-03 5.44309593e-03 5.29391209e-03 5.12446195e-03 4.93292615e-03 4.71895423e-03 4.48356825e-03 4.22899299e-03 3.95843032e-03 3.67579770e-03 3.38545102e-03 3.09191130e-03 2.79961134e-03 2.51267551e-03 2.23474093e-03 1.96882465e-03 1.71723731e-03 1.48154045e-03 1.26254253e-03 1.06032685e-03 8.74304366e-04 7.03283906e-04 5.45553679e-04 3.98968552e-04 2.61039244e-04 1.29020923e-04 0.00000000e+00
 0.00000000e+00 5.40961786e-05 1.10073891e-04 1.69830511e-04 2.35293960e-04 3.08435165e-04 3.91277188e-04 4.85900040e-04 5.94440230e-04 7.19084289e-04 8.62055597e-04 1.02559405e-03 1.21192837e-03 1.42324093e-03 1.66162560e-03 1.92903888e-03 2.22724552e-03 2.55775950e-03 2.92178209e-03 3.32013861e-03 3.75321586e-03 4.22090234e-03 4.72253357e-03 5.25684468e-03 5.82193251e-03 6.41522924e-03 7.03348939e-03 7.67279172e-03 8.32855717e-03 8.99558351e-03 9.66809714e-03 1.03398216e-02 1.10040622e-02 1.16538061e-02 1.22818350e-02 1.28808505e-02 1.34436076e-02 1.39630557e-02 1.44324830e-02 1.48456618e-02 1.51969922e-02 1.54816394e-02 1.56956628e-02 1.58361327e-02 1.59012317e-02 1.58903368e-02 1.58040790e-02 1.56443782e-02 1.54144478e-02 1.51187688e-02 1.47630294e-02 1.43540275e-02 1.38995378e-02 1.34081402e-02 1.28890130e-02 1.23516941e-02 1.18058138e-02 1.12608085e-02 1.07256241e-02 1.02084203e-02 9.71629119e-03 9.25501553e-03 8.82885263e-03 8.44039839e-03 8.09051338e-03 7.77833216e-03 7.50135770e-03 7.25563964e-03 7.03602868e-03 6.83649366e-03 6.65048247e-03 6.47130426e-03 6.29250826e-03 6.10823439e-03 5.91351364e-03 5.70449982e-03 5.47862026e-03 5.23463995e-03 4.97263987e-03 4.69391724e-03 4.40082030e-03 4.09653413e-03 3.78483617e-03 3.46984010e-03 3.15574551e-03 2.84660831e-03 2.54614308e-03 2.25756487e-03 1.98347404e-03 1.72578406e-03 1.48568948e-03 1.26366903e-03 1.05951746e-03 8.72399242e-04 7.00917632e-04 5.43192864e-04 3.96944847e-04 2.59576718e-04 1.28257077e-04 0.00000000e+00
 0.00000000e+00 5.41462332e-05 1.10191533e-04 1.70051464e-04 2.35673438e-04 3.09049806e-04 3.92227600e-04 4.87313906e-04 5.96475958e-04 7.21935121e-04 8.65954127e-04 1.03081707e-03 1.21880192e-03 1.43214555e-03 1.67300148e-03 1.94339102e-03 2.24514854e-03 2.57986216e-03 2.94881128e-03 3.35290266e-03 3.79260714e-03 4.26789895e-03 4.77820005e-03 5.32233164e-03 5.89847503e-03 6.50414411e-03 7.13617098e-03 7.79070650e-03 8.46323684e-03 9.14861666e-03 9.84111941e-03 1.05345043e-02 1.12220997e-02 1.18969010e-02 1.25516826e-02 1.31791207e-02 1.37719264e-02 1.43229840e-02 1.48254949e-02 1.52731211e-02 1.56601269e-02 1.59815162e-02 1.62331595e-02 1.64119100e-02 1.65157041e-02 1.65436431e-02 1.64960526e-02 1.63745171e-02 1.61818856e-02 1.59222468e-02 1.56008697e-02 1.52241107e-02 1.47992825e-02 1.43344892e-02 1.38384259e-02 1.33201484e-02 1.27888169e-02 1.22534225e-02 1.17225054e-02 1.12038753e-02 1.07043504e-02 1.02295249e-02 9.78358274e-03 9.36916903e-03 8.98733005e-03 8.63752980e-03 8.31774568e-03 8.02464090e-03 7.75380561e-03 7.50005329e-03 7.25775461e-03 7.02118715e-03 6.78487856e-03 6.54392059e-03 6.29423419e-03 6.03276968e-03 5.75763173e-03 5.46812477e-03 5.16472076e-03 4.84895702e-03 4.52327632e-03 4.19082482e-03 3.85522480e-03 3.52033959e-03 3.19004612e-03 2.86802846e-03 2.55760230e-03 2.26157655e-03 1.98215506e-03 1.72087778e-03 1.47859865e-03 1.25549498e-03 1.05110258e-03 8.64369972e-04 6.93725643e-04 5.37152804e-04 3.92267228e-04 2.56395059e-04 1.26648686e-04 0.00000000e+00
 0.00000000e+00 5.38407855e-05 1.09585136e-04 1.69153604e-04 2.34499579e-04 3.07622858e-04 3.90579870e-04 4.85489528e-04 5.94533764e-04 7.19951955e-04 8.64028562e-04 1.02907349e-03 1.21739494e-03 1.43126465e-03 1.67287593e-03 1.94429482e-03 2.24740551e-03 2.58385094e-03 2.95497015e-03 3.36173423e-03 3.80468258e-03 4.28386191e-03 4.79876995e-03 5.34830633e-03 5.93073280e-03 6.54364470e-03 7.18395580e-03 7.84789768e-03 8.53103515e-03 9.22829820e-03 9.93403084e-03 1.06420567e-02 1.13457604e-02 1.20381844e-02 1.27121384e-02 1.33603211e-02 1.39754502e-02 1.45503998e-02 1.50783414e-02 1.55528856e-02 1.59682225e-02 1.63192554e-02 1.66017275e-02 1.68123356e-02 1.69488286e-02 1.70100883e-02 1.69961875e-02 1.69084237e-02 1.67493246e-02 1.65226233e-02 1.62332008e-02 1.58869937e-02 1.54908685e-02 1.50524600e-02 1.45799789e-02 1.40819896e-02 1.35671657e-02 1.30440298e-02 1.25206869e-02 1.20045633e-02 1.15021631e-02 1.10188558e-02 1.05587076e-02 1.01243690e-02 9.71702725e-03 9.33643001e-03 8.98098219e-03 8.64791214e-03 8.33349916e-03 8.03334900e-03 7.74270032e-03 7.45674225e-03 7.17092235e-03 6.88122482e-03 6.58440138e-03 6.27814132e-03 5.96117204e-03 5.63328725e-03 5.29530545e-03 4.94896644e-03 4.59677755e-03 4.24182406e-03 3.88755944e-03 3.53759100e-03 3.19547486e-03 2.86453203e-03 2.54769402e-03 2.24738339e-03 1.96543131e-03 1.70303123e-03 1.46072564e-03 1.23842116e-03 1.03542613e-03 8.50504873e-04 6.81942799e-04 5.27617378e-04 3.85071041e-04 2.51583200e-04 1.24239811e-04 0.00000000e+00
 0.00000000e+00 5.31887809e-05 1.08272628e-04 1.67163921e-04 2.31808533e-04 3.04199741e-04 3.86388798e-04 4.80491149e-04 5.88687353e-04 7.13217890e-04 8.56371211e-04 1.02046451e-03 1.20781696e-03 1.42071543e-03 1.66137281e-03 1.93187965e-03 2.23414982e-03 2.56986145e-03 2.94039454e-03 3.34676704e-03 3.78957127e-03 4.26891291e-03 4.78435464e-03 5.33486687e-03 5.91878762e-03 6.53379362e-03 7.17688450e-03 7.84438152e-03 8.53194202e-03 9.23459027e-03 9.94676507e-03 1.06623838e-02 1.13749221e-02 1.20775090e-02 1.27630337e-02 1.34242656e-02 1.40539817e-02 1.46451012e-02 1.51908242e-02 1.56847702e-02 1.61211162e-02 1.64947272e-02 1.68012804e-02 1.70373759e-02 1.72006333e-02 1.72897696e-02 1.73046555e-02 1.72463474e-02 1.71170918e-02 1.69203004e-02 1.66604923e-02 1.63432049e-02 1.59748696e-02 1.55626569e-02 1.51142897e-02 1.46378312e-02 1.41414523e-02 1.36331851e-02 1.31206733e-02 1.26109296e-02 1.21101113e-02 1.16233281e-02 1.11544917e-02 1.07062198e-02 1.02798004e-02 9.87522319e-03 9.49127599e-03 9.12570490e-03 8.77542738e-03 8.43678669e-03 8.10583099e-03 7.77859922e-03 7.45139461e-03 7.12102831e-03 6.78501768e-03 6.44172776e-03 6.09044927e-03 5.73141119e-03 5.36573151e-03 4.99531347e-03 4.62269878e-03 4.25089085e-03 3.88316249e-03 3.52286189e-03 3.17322936e-03 2.83723485e-03 2.51744384e-03 2.21591556e-03 1.93413533e-03 1.67297961e-03 1.43271079e-03 1.21299701e-03 1.01295170e-03 8.31187322e-04 6.65877943e-04 5.14826282e-04 3.75531560e-04 2.45255778e-04 1.21087092e-04 0.00000000e+00
 0.00000000e+00 5.22056572e-05 1.06285180e-04 1.64129906e-04 2.27664992e-04 2.98863511e-04 3.79757253e-04 4.72443185e-04 5.79084682e-04 7.01906687e-04 8.43184151e-04 1.00522327e-03 1.19033522e-03 1.40080240e-03 1.63883737e-03 1.90653509e-03 2.20581921e-03 2.53838361e-03 2.90563072e-03 3.30860808e-03 3.74794543e-03 4.22379406e-03 4.73577098e-03 5.28290982e-03 5.86362095e-03 6.47566250e-03 7.11612441e-03 7.78142669e-03 8.46733325e-03 9.16898184e-03 9.88093039e-03 1.05972196e-02 1.13114510e-02 1.20168794e-02 1.27065182e-02 1.33732558e-02 1.40099805e-02 1.46097123e-02 1.51657374e-02 1.56717441e-02 1.61219565e-02 1.65112621e-02 1.68353319e-02 1.70907275e-02 1.72749946e-02 1.73867373e-02 1.74256718e-02 1.73926560e-02 1.72896918e-02 1.71198995e-02 1.68874602e-02 1.65975279e-02 1.62561088e-02 1.58699112e-02 1.54461667e-02 1.49924276e-02 1.45163472e-02 1.40254481e-02 1.35268905e-02 1.30272482e-02 1.25323048e-02 1.20468811e-02 1.15747041e-02 1.11183259e-02 1.06791009e-02 1.02572224e-02 9.85181968e-03 9.46111026e-03 9.08259843e-03 8.71330840e-03 8.35003643e-03 7.98960551e-03 7.62910584e-03 7.26610539e-03 6.89881742e-03 6.52621553e-03 6.14809104e-03 5.76505191e-03 5.37846715e-03 4.99036418e-03 4.60328954e-03 4.22014528e-03 3.84401389e-03 3.47798399e-03 3.12498788e-03 2.78765955e-03 2.46821939e-03 2.16838894e-03 1.88933672e-03 1.63165354e-03 1.39535428e-03 1.17990166e-03 9.84247051e-04 8.06883192e-04 6.45904000e-04 4.99067482e-04 3.63858543e-04 2.37549614e-04 1.17258022e-04 0.00000000e+00
 0.00000000e+00 5.09127769e-05 1.03666054e-04 1.60117798e-04 2.22159791e-04 2.91731781e-04 3.70832359e-04 4.61525581e-04 5.65942419e-04 6.86276228e-04 8.24771589e-04 9.83706034e-04 1.16536438e-03 1.37200565e-03 1.60582277e-03 1.86889567e-03 2.16313850e-03 2.49024212e-03 2.85161341e-03 3.24831288e-03 3.68099268e-03 4.14983695e-03 4.65450678e-03 5.19409192e-03 5.76707143e-03 6.37128515e-03 7.00391783e-03 7.66149736e-03 8.33990816e-03 9.03442035e-03 9.73973502e-03 1.04500452e-02 1.11591122e-02 1.18603556e-02 1.25469557e-02 1.32119674e-02 1.38484412e-02 1.44495509e-02 1.50087249e-02 1.55197777e-02 1.59770384e-02 1.63754747e-02 1.67108079e-02 1.69796161e-02 1.71794225e-02 1.73087666e-02 1.73672537e-02 1.73555813e-02 1.72755394e-02 1.71299831e-02 1.69227758e-02 1.66587016e-02 1.63433490e-02 1.59829657e-02 1.55842880e-02 1.51543494e-02 1.47002732e-02 1.42290578e-02 1.37473624e-02 1.32613026e-02 1.27762678e-02 1.22967680e-02 1.18263209e-02 1.13673873e-02 1.09213578e-02 1.04885957e-02 1.00685327e-02 9.65981255e-03 9.26047508e-03 8.86816765e-03 8.48037085e-03 8.09462315e-03 7.70872972e-03 7.32094191e-03 6.93009620e-03 6.53570510e-03 6.13799604e-03 5.73789872e-03 5.33698474e-03 4.93736706e-03 4.54156900e-03 4.15237379e-03 3.77266628e-03 3.40527770e-03 3.05284287e-03 2.71767740e-03 2.40167984e-03 2.10626164e-03 1.83230508e-03 1.58014766e-03 1.34958989e-03 1.13992218e-03 9.49966288e-04 7.78126552e-04 6.22446731e-04 4.80668665e-04 3.50290083e-04 2.28619734e-04 1.12828996e-04 0.00000000e+00
 0.00000000e+00 4.93366869e-05 1.00469106e-04 1.55210286e-04 2.15406764e-04 2.82952628e-04 3.59800364e-04 4.47967529e-04 5.49538345e-04 6.66659447e-04 8.01529115e-04 9.56379532e-04 1.13345180e-03 1.33496365e-03 1.56307016e-03 1.81981785e-03 2.10709312e-03 2.42656610e-03 2.77963118e-03 3.16734615e-03 3.59037151e-03 4.04891225e-03 4.54266410e-03 5.07076638e-03 5.63176366e-03 6.22357799e-03 6.84349358e-03 7.48815516e-03 8.15358119e-03 8.83519241e-03 9.52785608e-03 1.02259455e-02 1.09234139e-02 1.16138826e-02 1.22907400e-02 1.29472517e-02 1.35766783e-02 1.41723981e-02 1.47280340e-02 1.52375797e-02 1.56955235e-02 1.60969667e-02 1.64377330e-02 1.67144665e-02 1.69247152e-02 1.70669971e-02 1.71408449e-02 1.71468296e-02 1.70865576e-02 1.69626417e-02 1.67786440e-02 1.65389906e-02 1.62488583e-02 1.59140358e-02 1.55407619e-02 1.51355453e-02 1.47049713e-02 1.42555040e-02 1.37932898e-02 1.33239743e-02 1.28525385e-02 1.23831663e-02 1.19191494e-02 1.14628361e-02 1.10156291e-02 1.05780314e-02 1.01497405e-02 9.72978278e-03 9.31668240e-03 8.90865126e-03 8.50378907e-03 8.10027925e-03 7.69656795e-03 7.29151460e-03 6.88450473e-03 6.47551916e-03 6.06515677e-03 5.65461212e-03 5.24561200e-03 4.84031804e-03 4.44120434e-03 4.05092020e-03 3.67214815e-03 3.30746670e-03 2.95922608e-03 2.62944318e-03 2.31971974e-03 2.03118593e-03 1.76446913e-03 1.51968622e-03 1.29645628e-03 1.09392990e-03 9.10830555e-04 7.45504155e-04 5.95972552e-04 4.59987981e-04 3.35085950e-04 2.18635073e-04 1.07883199e-04 0.00000000e+00
 0.00000000e+00 4.75082447e-05 9.67570058e-05 1.49503781e-04 2.07538971e-04 2.72699689e-04 3.46880455e-04 4.32039827e-04 5.30202077e-04 6.43453168e-04 7.73930387e-04 9.23805172e-04 1.09525888e-03 1.29045147e-03 1.51148327e-03 1.76035047e-03 2.03889495e-03 2.34874970e-03 2.69128115e-03 3.06752993e-03 3.47815209e-03 3.92336258e-03 4.40288322e-03 4.91589713e-03 5.46101174e-03 6.03623215e-03 6.63894662e-03 7.26592534e-03 7.91333365e-03 8.57676012e-03 9.25125972e-03 9.93141175e-03 1.06113918e-02 1.12850567e-02 1.19460407e-02 1.25878613e-02 1.32040326e-02 1.37881834e-02 1.43341786e-02 1.48362395e-02 1.52890620e-02 1.56879284e-02 1.60288112e-02 1.63084647e-02 1.65245026e-02 1.66754585e-02 1.67608264e-02 1.67810793e-02 1.67376640e-02 1.66329700e-02 1.64702728e-02 1.62536500e-02 1.59878728e-02 1.56782738e-02 1.53305939e-02 1.49508150e-02 1.45449812e-02 1.41190177e-02 1.36785537e-02 1.32287586e-02 1.27741991e-02 1.23187248e-02 1.18653899e-02 1.14164161e-02 1.09731974e-02 1.05363505e-02 1.01058042e-02 9.68092538e-03 9.26067151e-03 8.84376021e-03 8.42884441e-03 8.01468112e-03 7.60028269e-03 7.18504087e-03 6.76881607e-03 6.35198734e-03 5.93546141e-03 5.52064256e-03 5.10936746e-03 4.70381191e-03 4.30637746e-03 3.91956713e-03 3.54585896e-03 3.18758582e-03 2.84682827e-03 2.52532574e-03 2.22440929e-03 1.94495727e-03 1.68737364e-03 1.45158692e-03 1.23706692e-03 1.04285555e-03 8.67607854e-04 7.09639277e-04 5.66975861e-04 4.37404424e-04 3.18520678e-04 2.07774003e-04 1.02508419e-04 0.00000000e+00
 0.00000000e+00 4.54616465e-05 9.25992706e-05 1.43105378e-04 1.98704503e-04 2.61166663e-04 3.32317796e-04 4.14046259e-04 5.08304526e-04 6.17105365e-04 7.42511864e-04 8.86620874e-04 1.05153961e-03 1.23935538e-03 1.45209866e-03 1.69170007e-03 1.95994191e-03 2.25840543e-03 2.58841517e-03 2.95098183e-03 3.34674563e-03 3.77592191e-03 4.23825117e-03 4.73295542e-03 5.25870289e-03 5.81358282e-03 6.39509199e-03 7.00013417e-03 7.62503347e-03 8.26556196e-03 8.91698195e-03 9.57410217e-03 1.02313475e-02 1.08828409e-02 1.15224958e-02 1.21441180e-02 1.27415138e-02 1.33086029e-02 1.38395335e-02 1.43287966e-02 1.47713374e-02 1.51626603e-02 1.54989261e-02 1.57770365e-02 1.59947055e-02 1.61505138e-02 1.62439440e-02 1.62753952e-02 1.62461743e-02 1.61584637e-02 1.60152644e-02 1.58203152e-02 1.55779881e-02 1.52931637e-02 1.49710887e-02 1.46172205e-02 1.42370639e-02 1.38360076e-02 1.34191654e-02 1.29912324e-02 1.25563612e-02 1.21180654e-02 1.16791573e-02 1.12417217e-02 1.08071286e-02 1.03760841e-02 9.94871694e-03 9.52469312e-03 9.10335339e-03 8.68386252e-03 8.26536085e-03 7.84710779e-03 7.42860761e-03 7.00970948e-03 6.59067589e-03 6.17221593e-03 5.75548294e-03 5.34203842e-03 4.93378663e-03 4.53288613e-03 4.14164568e-03 3.76241244e-03 3.39746041e-03 3.04888600e-03 2.71851666e-03 2.40783678e-03 2.11793339e-03 1.84946253e-03 1.60263568e-03 1.37722430e-03 1.17257961e-03 9.87664339e-04 8.21092726e-04 6.71175442e-04 5.35966278e-04 4.13308147e-04 3.00876606e-04 1.96219844e-04 9.67948389e-05 0.00000000e+00
 0.00000000e+00 4.32334035e-05 8.80701748e-05 1.36129634e-04 1.89062016e-04 2.48561461e-04 3.16376104e-04 3.94314354e-04 4.84246574e-04 5.88101418e-04 7.07856262e-04 8.45521295e-04 1.00311701e-03 1.18264513e-03 1.38605307e-03 1.61519264e-03 1.87177346e-03 2.15731236e-03 2.47308000e-03 2.82004614e-03 3.19882543e-03 3.60962550e-03 4.05219933e-03 4.52580385e-03 5.02916662e-03 5.56046232e-03 6.11730053e-03 6.69672597e-03 7.29523211e-03 7.90878851e-03 8.53288194e-03 9.16257095e-03 9.79255309e-03 1.04172436e-02 1.10308640e-02 1.16275393e-02 1.22014004e-02 1.27466918e-02 1.32578797e-02 1.37297597e-02 1.41575605e-02 1.45370427e-02 1.48645869e-02 1.51372726e-02 1.53529417e-02 1.55102470e-02 1.56086819e-02 1.56485906e-02 1.56311562e-02 1.55583674e-02 1.54329621e-02 1.52583490e-02 1.50385092e-02 1.47778786e-02 1.44812168e-02 1.41534640e-02 1.37995942e-02 1.34244676e-02 1.30326918e-02 1.26284961e-02 1.22156260e-02 1.17972638e-02 1.13759802e-02 1.09537177e-02 1.05318098e-02 1.01110318e-02 9.69168166e-03 9.27368516e-03 8.85671716e-03 8.44033181e-03 8.02409208e-03 7.60768986e-03 7.19104868e-03 6.77440241e-03 6.35834540e-03 5.94385168e-03 5.53226334e-03 5.12525026e-03 4.72474565e-03 4.33286303e-03 3.95180132e-03 3.58374528e-03 3.23076768e-03 2.89473954e-03 2.57725300e-03 2.27956044e-03 2.00253156e-03 1.74662901e-03 1.51190172e-03 1.29799385e-03 1.10416687e-03 9.29331496e-04 7.72086427e-04 6.30760566e-04 5.03456226e-04 3.88091043e-04 2.82437109e-04 1.84156486e-04 9.08328969e-05 0.00000000e+00
 0.00000000e+00 4.08613048e-05 8.32466400e-05 1.28695307e-04 1.78776202e-04 2.35100248e-04 2.99330052e-04 3.73185913e-04 4.58447419e-04 5.56949937e-04 6.70575449e-04 8.01237314e-04 9.50858741e-04 1.12134495e-03 1.31454925e-03 1.53223349e-03 1.77602368e-03 2.04736165e-03 2.34745421e-03 2.67722108e-03 3.03724336e-03 3.42771439e-03 3.84839472e-03 4.29857317e-03 4.77703575e-03 5.28204398e-03 5.81132411e-03 6.36206833e-03 6.93094864e-03 7.51414382e-03 8.10737957e-03 8.70598119e-03 9.30493820e-03 9.89897958e-03 1.04826583e-02 1.10504431e-02 1.15968161e-02 1.21163731e-02 1.26039257e-02 1.30546009e-02 1.34639381e-02 1.38279792e-02 1.41433495e-02 1.44073286e-02 1.46179075e-02 1.47738298e-02 1.48746163e-02 1.49205710e-02 1.49127663e-02 1.48530083e-02 1.47437823e-02 1.45881771e-02 1.43897924e-02 1.41526305e-02 1.38809750e-02 1.35792621e-02 1.32519484e-02 1.29033812e-02 1.25376771e-02 1.21586141e-02 1.17695439e-02 1.13733273e-02 1.09722981e-02 1.05682554e-02 1.01624866e-02 9.75581738e-03 9.34868725e-03 8.94124318e-03 8.53344646e-03 8.12518449e-03 7.71637986e-03 7.30708927e-03 6.89758561e-03 6.48841797e-03 6.08044611e-03 5.67484799e-03 5.27310086e-03 4.87693850e-03 4.48828859e-03 4.10919564e-03 3.74173526e-03 3.38792601e-03 3.04964452e-03 2.72854901e-03 2.42601497e-03 2.14308595e-03 1.88044056e-03 1.63837598e-03 1.41680692e-03 1.21527809e-03 1.03298772e-03 8.68819225e-04 7.21378219e-04 5.89031997e-04 4.69949212e-04 3.62137847e-04 2.63480209e-04 1.71764266e-04 8.47112585e-05 0.00000000e+00
 0.00000000e+00 3.83834082e-05 7.82061775e-05 1.20922172e-04 1.68013355e-04 2.21001596e-04 2.81457817e-04 3.51007681e-04 4.31333071e-04 5.24168717e-04 6.31293434e-04 7.54515599e-04 8.95652641e-04 1.05650455e-03 1.23882164e-03 1.44426694e-03 1.67437409e-03 1.93050154e-03 2.21378439e-03 2.52508516e-03 2.86494526e-03 3.23353868e-03 3.63062987e-03 4.05553743e-03 4.50710541e-03 4.98368360e-03 5.48311837e-03 6.00275475e-03 6.53945068e-03 7.08960368e-03 7.64918973e-03 8.21381410e-03 8.77877316e-03 9.33912600e-03 9.88977448e-03 1.04255499e-02 1.09413044e-02 1.14320048e-02 1.18928275e-02 1.23192504e-02 1.27071422e-02 1.30528437e-02 1.33532418e-02 1.36058319e-02 1.38087679e-02 1.39608972e-02 1.40617800e-02 1.41116907e-02 1.41116010e-02 1.40631451e-02 1.39685655e-02 1.38306422e-02 1.36526065e-02 1.34380405e-02 1.31907684e-02 1.29147399e-02 1.26139144e-02 1.22921469e-02 1.19530842e-02 1.16000735e-02 1.12360908e-02 1.08636894e-02 1.04849749e-02 1.01016044e-02 9.71481222e-03 9.32545824e-03 8.93409658e-03 8.54105903e-03 8.14654736e-03 7.75072817e-03 7.35382333e-03 6.95618986e-03 6.55838389e-03 6.16120450e-03 5.76571509e-03 5.37324140e-03 4.98534727e-03 4.60379068e-03 4.23046388e-03 3.86732247e-03 3.51630861e-03 3.17927368e-03 2.85790523e-03 2.55366244e-03 2.26772328e-03 2.00094538e-03 1.75384158e-03 1.52657005e-03 1.31893773e-03 1.13041541e-03 9.60162041e-04 8.07055631e-04 6.69728292e-04 5.46602864e-04 4.35929134e-04 3.35818033e-04 2.44272744e-04 1.59216202e-04 7.85149723e-05 0.00000000e+00
 0.00000000e+00 3.58370927e-05 7.30249546e-05 1.12928019e-04 1.56937194e-04 2.06480968e-04 2.63034010e-04 3.28122486e-04 4.03325397e-04 4.90271330e-04 5.90630107e-04 7.06098998e-04 8.38383283e-04 9.89171174e-04 1.16010332e-03 1.35273731e-03 1.56850794e-03 1.80868407e-03 2.07432329e-03 2.36622578e-03 2.68488877e-03 3.03046342e-03 3.40271560e-03 3.80099239e-03 4.22419586e-03 4.67076545e-03 5.13867035e-03 5.62541264e-03 6.12804182e-03 6.64318102e-03 7.16706473e-03 7.69558751e-03 8.22436283e-03 8.74879100e-03 9.26413447e-03 9.76559908e-03 1.02484193e-02 1.07079451e-02 1.11397297e-02 1.15396133e-02 1.19038046e-02 1.22289537e-02 1.25122184e-02 1.27513185e-02 1.29445789e-02 1.30909586e-02 1.31900642e-02 1.32421482e-02 1.32480899e-02 1.32093602e-02 1.31279701e-02 1.30064035e-02 1.28475380e-02 1.26545538e-02 1.24308354e-02 1.21798695e-02 1.19051426e-02 1.16100438e-02 1.12977759e-02 1.09712807e-02 1.06331800e-02 1.02857376e-02 9.93084230e-03 9.57001303e-03 9.20442592e-03 8.83496013e-03 8.46225966e-03 8.08680638e-03 7.70899892e-03 7.32923185e-03 6.94796932e-03 6.56580824e-03 6.18352642e-03 5.80211281e-03 5.42277804e-03 5.04694503e-03 4.67622106e-03 4.31235381e-03 3.95717484e-03 3.61253503e-03 3.28023631e-03 2.96196438e-03 2.65922644e-03 2.37329729e-03 2.10517651e-03 1.85555810e-03 1.62481322e-03 1.41298566e-03 1.21979882e-03 1.04467261e-03 8.86747863e-04 7.44916174e-04 6.17852739e-04 5.04050077e-04 4.01850892e-04 3.09478686e-04 2.25065258e-04 1.46674683e-04 7.23238463e-05 0.00000000e+00
 0.00000000e+00 3.32582035e-05 6.77760480e-05 1.04825951e-04 1.45705077e-04 1.91745708e-04 2.44323248e-04 3.04861149e-04 3.74832085e-04 4.55754813e-04 5.49186254e-04 6.56708454e-04 7.79910251e-04 9.20363672e-04 1.07959525e-03 1.25905271e-03 1.46006769e-03 1.68381537e-03 1.93127210e-03 2.20317237e-03 2.49996652e-03 2.82178073e-03 3.16838091e-03 3.53914203e-03 3.93302441e-03 4.34855829e-03 4.78383770e-03 5.23652457e-03 5.70386357e-03 6.18270779e-03 6.66955512e-03 7.16059473e-03 7.65176295e-03 8.13880711e-03 8.61735612e-03 9.08299613e-03 9.53134931e-03 9.95815410e-03 1.03593447e-02 1.07311281e-02 1.10700561e-02 1.13730915e-02 1.16376655e-02 1.18617248e-02 1.20437678e-02 1.21828678e-02 1.22786817e-02 1.23314450e-02 1.23419511e-02 1.23115167e-02 1.22419323e-02 1.21354004e-02 1.19944627e-02 1.18219182e-02 1.16207366e-02 1.13939682e-02 1.11446561e-02 1.08757534e-02 1.05900494e-02 1.02901082e-02 9.97822308e-03 9.65638808e-03 9.32628869e-03 8.98931123e-03 8.64657005e-03 8.29895027e-03 7.94716264e-03 7.59180658e-03 7.23343665e-03 6.87262746e-03 6.51003260e-03 6.14643306e-03 5.78277211e-03 5.42017414e-03 5.05994650e-03 4.70356463e-03 4.35264183e-03 4.00888621e-03 3.67404814e-03 3.34986189e-03 3.03798552e-03 2.73994284e-03 2.45707073e-03 2.19047479e-03 1.94099510e-03 1.70918333e-03 1.49529146e-03 1.29927148e-03 1.12078513e-03 9.59221694e-04 8.13722264e-04 6.83208050e-04 5.66410922e-04 4.61904245e-04 3.68132496e-04 2.83438520e-04 2.06087689e-04 1.34288697e-04 6.62110858e-05 0.00000000e+00
 0.00000000e+00 3.06803116e-05 6.25279312e-05 9.67220224e-05 1.34464705e-04 1.76990662e-04 2.25574526e-04 2.81535392e-04 3.46237822e-04 4.21088816e-04 5.07530321e-04 6.07026965e-04 7.21048856e-04 8.51049483e-04 9.98438899e-04 1.16455263e-03 1.35061692e-03 1.55771118e-03 1.78672869e-03 2.03833669e-03 2.31293736e-03 2.61063106e-03 2.93118326e-03 3.27399683e-03 3.63809076e-03 4.02208682e-03 4.42420503e-03 4.84226859e-03 5.27371895e-03 5.71564080e-03 6.16479706e-03 6.61767307e-03 7.07052915e-03 7.51946049e-03 7.96046279e-03 8.38950218e-03 8.80258772e-03 9.19584453e-03 9.56558595e-03 9.90838258e-03 1.02211267e-02 1.05010901e-02 1.07459739e-02 1.09539490e-02 1.11236851e-02 1.12543687e-02 1.13457076e-02 1.13979233e-02 1.14117290e-02 1.13882957e-02 1.13292059e-02 1.12363969e-02 1.11120945e-02 1.09587410e-02 1.07789184e-02 1.05752712e-02 1.03504316e-02 1.01069502e-02 9.84723547e-03 9.57350475e-03 9.28774958e-03 8.99171592e-03 8.68690072e-03 8.37456417e-03 8.05575648e-03 7.73135679e-03 7.40212130e-03 7.06873690e-03 6.73187619e-03 6.39224985e-03 6.05065255e-03 5.70799892e-03 5.36534721e-03 5.02390888e-03 4.68504381e-03 4.35024136e-03 4.02108921e-03 3.69923198e-03 3.38632284e-03 3.08397134e-03 2.79369089e-03 2.51684906e-03 2.25462358e-03 2.00796615e-03 1.77757565e-03 1.56388151e-03 1.36703720e-03 1.18692336e-03 1.02315928e-03 8.75121272e-04 7.41966117e-04 6.22657759e-04 5.15995435e-04 4.20641671e-04 3.35148811e-04 2.57983135e-04 1.87545973e-04 1.22191622e-04 6.02422130e-05 0.00000000e+00
 0.00000000e+00 2.81341058e-05 5.73432279e-05 8.87133018e-05 1.23351400e-04 1.62394556e-04 2.07016533e-04 2.58431907e-04 3.17896902e-04 3.86706472e-04 4.66187243e-04 5.57686030e-04 6.62553789e-04 7.82125029e-04 9.17692899e-04 1.07048033e-03 1.24160786e-03 1.43205891e-03 1.64264350e-03 1.87396164e-03 2.12636747e-03 2.39993575e-03 2.69443188e-03 3.00928697e-03 3.34357910e-03 3.69602194e-03 4.06496164e-03 4.44838266e-03 4.84392274e-03 5.24889732e-03 5.66033286e-03 6.07500860e-03 6.48950590e-03 6.90026387e-03 7.30364017e-03 7.69597514e-03 8.07365801e-03 8.43319307e-03 8.77126451e-03 9.08479789e-03 9.37101683e-03 9.62749329e-03 9.85219011e-03 1.00434945e-02 1.02002416e-02 1.03217270e-02 1.04077080e-02 1.04583931e-02 1.04744203e-02 1.04568241e-02 1.04069924e-02 1.03266148e-02 1.02176236e-02 1.00821305e-02 9.92236005e-03 9.74058402e-03 9.53905848e-03 9.31996682e-03 9.08537112e-03 8.83717416e-03 8.57709361e-03 8.30664964e-03 8.02716599e-03 7.73978399e-03 7.44548812e-03 7.14514101e-03 6.83952497e-03 6.52938687e-03 6.21548298e-03 5.89862031e-03 5.57969129e-03 5.25969933e-03 4.93977326e-03 4.62116965e-03 4.30526295e-03 3.99352408e-03 3.68748912e-03 3.38872033e-03 3.09876203e-03 2.81909438e-03 2.55108785e-03 2.29596110e-03 2.05474449e-03 1.82825106e-03 1.61705596e-03 1.42148498e-03 1.24161188e-03 1.07726401e-03 9.28034945e-04 7.93302845e-04 6.72252865e-04 5.63901990e-04 4.67124767e-04 3.80678525e-04 3.03227004e-04 2.33361571e-04 1.69619562e-04 1.10499635e-04 5.44742837e-05 0.00000000e+00
 0.00000000e+00 2.56469241e-05 5.22777525e-05 8.08863728e-05 1.12485990e-04 1.48117172e-04 1.88853995e-04 2.35807709e-04 2.90127396e-04 3.52997172e-04 4.25629569e-04 5.09254833e-04 6.05106034e-04 7.14400005e-04 8.38314314e-04 9.77960659e-04 1.13435524e-03 1.30838686e-03 1.50078373e-03 1.71207991e-03 1.94258279e-03 2.19234267e-03 2.46112580e-03 2.74839223e-03 3.05327936e-03 3.37459259e-03 3.71080341e-03 4.06005597e-03 4.42018198e-03 4.78872424e-03 5.16296831e-03 5.53998174e-03 5.91666001e-03 6.28977806e-03 6.65604601e-03 7.01216780e-03 7.35490101e-03 7.68111641e-03 7.98785562e-03 8.27238532e-03 8.53224663e-03 8.76529823e-03 8.96975209e-03 9.14420080e-03 9.28763566e-03 9.39945494e-03 9.47946199e-03 9.52785319e-03 9.54519595e-03 9.53239744e-03 9.49066505e-03 9.42145975e-03 9.32644419e-03 9.20742739e-03 9.06630826e-03 8.90502017e-03 8.72547915e-03 8.52953776e-03 8.31894686e-03 8.09532688e-03 7.86014972e-03 7.61473206e-03 7.36023979e-03 7.09770291e-03 6.82803942e-03 6.55208622e-03 6.27063438e-03 5.98446619e-03 5.69439096e-03 5.40127675e-03 5.10607574e-03 4.80984108e-03 4.51373397e-03 4.21902047e-03 3.92705798e-03 3.63927250e-03 3.35712808e-03 3.08209049e-03 2.81558754e-03 2.55896839e-03 2.31346449e-03 2.08015411e-03 1.85993249e-03 1.65348883e-03 1.46129100e-03 1.28357815e-03 1.12036111e-03 9.71429651e-04 8.36365837e-04 7.14561885e-04 6.05241311e-04 5.07481827e-04 4.20238666e-04 3.42367171e-04 2.72643695e-04 2.09784155e-04 1.52459888e-04 9.93107108e-05 4.89553990e-05 0.00000000e+00
 0.00000000e+00 2.32424288e-05 4.73798416e-05 7.33162838e-05 1.01973327e-04 1.34297349e-04 1.71265069e-04 2.13886798e-04 2.63206941e-04 3.20301316e-04 3.86270977e-04 4.62232297e-04 5.49303226e-04 6.48585742e-04 7.61144699e-04 8.87983436e-04 1.03001667e-03 1.18804141e-03 1.36270666e-03 1.55448307e-03 1.76363346e-03 1.99018551e-03 2.23390771e-03 2.49428978e-03 2.77052858e-03 3.06152035e-03 3.36586019e-03 3.68184896e-03 4.00750814e-03 4.34060228e-03 4.67866894e-03 5.01905530e-03 5.35896072e-03 5.69548404e-03 6.02567451e-03 6.34658481e-03 6.65532485e-03 6.94911486e-03 7.22533621e-03 7.48157881e-03 7.71568355e-03 7.92577883e-03 8.11031004e-03 8.26806138e-03 8.39816909e-03 8.50012604e-03 8.57377730e-03 8.61930697e-03 8.63721651e-03 8.62829551e-03 8.59358560e-03 8.53433903e-03 8.45197337e-03 8.34802405e-03 8.22409674e-03 8.08182143e-03 7.92281043e-03 7.74862173e-03 7.56072976e-03 7.36050437e-03 7.14919911e-03 6.92794888e-03 6.69777676e-03 6.45960904e-03 6.21429705e-03 5.96264404e-03 5.70543474e-03 5.44346530e-03 5.17757127e-03 4.90865128e-03 4.63768451e-03 4.36574067e-03 4.09398132e-03 3.82365252e-03 3.55606908e-03 3.29259130e-03 3.03459580e-03 2.78344219e-03 2.54043763e-03 2.30680139e-03 2.08363157e-03 1.87187552e-03 1.67230570e-03 1.48550173e-03 1.31183942e-03 1.15148665e-03 1.00440599e-03 8.70363125e-04 7.48940329e-04 6.39553586e-04 5.41472285e-04 4.53840123e-04 3.75696098e-04 3.05994591e-04 2.43623743e-04 1.87421599e-04 1.36189713e-04 8.87042147e-05 4.37245036e-05 0.00000000e+00
 0.00000000e+00 2.09404202e-05 4.26899686e-05 6.60659395e-05 9.19014134e-05 1.21051797e-04 1.54399763e-04 1.92858116e-04 2.37370134e-04 2.88907021e-04 3.48462166e-04 4.17042010e-04 4.95653424e-04 5.85287656e-04 6.86901011e-04 8.01392630e-04 9.29579844e-04 1.07217178e-03 1.22974200e-03 1.40270110e-03 1.59127027e-03 1.79545694e-03 2.01503344e-03 2.24951999e-03 2.49817257e-03 2.75997692e-03 3.03364888e-03 3.31764183e-03 3.61016110e-03 3.90918538e-03 4.21249479e-03 4.51770485e-03 4.82230563e-03 5.12370492e-03 5.41927441e-03 5.70639734e-03 5.98251653e-03 6.24518123e-03 6.49209166e-03 6.72113991e-03 6.93044606e-03 7.11838867e-03 7.28362871e-03 7.42512631e-03 7.54215004e-03 7.63427827e-03 7.70139288e-03 7.74366536e-03 7.76153597e-03 7.75568657e-03 7.72700826e-03 7.67656489e-03 7.60555395e-03 7.51526643e-03 7.40704716e-03 7.28225742e-03 7.14224142e-03 6.98829798e-03 6.82165869e-03 6.64347341e-03 6.45480349e-03 6.25662280e-03 6.04982597e-03 5.83524303e-03 5.61365907e-03 5.38583717e-03 5.15254276e-03 4.91456743e-03 4.67275015e-03 4.42799423e-03 4.18127851e-03 3.93366176e-03 3.68627977e-03 3.44033512e-03 3.19708010e-03 2.95779378e-03 2.72375466e-03 2.49621038e-03 2.27634645e-03 2.06525562e-03 1.86390970e-03 1.67313523e-03 1.49359406e-03 1.32576976e-03 1.16995997e-03 1.02627498e-03 8.94641762e-04 7.74813202e-04 6.66381207e-04 5.68792934e-04 4.81368891e-04 4.03321852e-04 3.33775615e-04 2.71782730e-04 2.16340563e-04 1.66405252e-04 1.20903329e-04 7.87410270e-05 3.88114501e-05 0.00000000e+00
 0.00000000e+00 1.87567812e-05 3.82406254e-05 5.91859031e-05 8.23411032e-05 1.08474663e-04 1.38379346e-04 1.72874737e-04 2.12807445e-04 2.59048693e-04 3.12489013e-04 3.74029876e-04 4.44572172e-04 5.25001605e-04 6.16171155e-04 7.18880958e-04 8.33856033e-04 9.61722500e-04 1.10298299e-03 1.25799210e-03 1.42693286e-03 1.60979511e-03 1.80635683e-03 2.01616932e-03 2.23854713e-03 2.47256335e-03 2.71705094e-03 2.97061028e-03 3.23162322e-03 3.49827325e-03 3.76857166e-03 4.04038884e-03 4.31149005e-03 4.57957463e-03 4.84231747e-03 5.09741163e-03 5.34261082e-03 5.57577048e-03 5.79488639e-03 5.99812964e-03 6.18387704e-03 6.35073612e-03 6.49756414e-03 6.62348059e-03 6.72787293e-03 6.81039554e-03 6.87096193e-03 6.90973068e-03 6.92708562e-03 6.92361100e-03 6.90006266e-03 6.85733631e-03 6.79643419e-03 6.71843145e-03 6.62444370e-03 6.51559703e-03 6.39300181e-03 6.25773134e-03 6.11080629e-03 5.95318528e-03 5.78576202e-03 5.60936871e-03 5.42478505e-03 5.23275211e-03 5.03398962e-03 4.82921531e-03 4.61916466e-03 4.40460931e-03 4.18637277e-03 3.96534178e-03 3.74247252e-03 3.51879082e-03 3.29538617e-03 3.07339961e-03 2.85400623e-03 2.63839312e-03 2.42773404e-03 2.22316233e-03 2.02574347e-03 1.83644885e-03 1.65613217e-03 1.48550951e-03 1.32514402e-03 1.17543575e-03 1.03661682e-03 9.08751786e-04 7.91742885e-04 6.85339337e-04 5.89150040e-04 5.02658628e-04 4.25239957e-04 3.56177081e-04 2.94677874e-04 2.39890584e-04 1.90917791e-04 1.46828395e-04 1.06667494e-04 6.94641575e-05 3.42373005e-05 0.00000000e+00
 0.00000000e+00 1.67035372e-05 3.40564408e-05 5.27145703e-05 7.33463238e-05 9.66377962e-05 1.23296630e-04 1.54054161e-04 1.89665508e-04 2.30907300e-04 2.78572801e-04 3.33464281e-04 3.96382572e-04 4.68113847e-04 5.49413806e-04 6.40989559e-04 7.43479634e-04 8.57432673e-04 9.83285478e-04 1.12134120e-03 1.27174846e-03 1.43448239e-03 1.60932835e-03 1.79586920e-03 1.99347699e-03 2.20130949e-03 2.41831222e-03 2.64322612e-03 2.87460092e-03 3.11081420e-03 3.35009543e-03 3.59055471e-03 3.83021525e-03 4.06704863e-03 4.29901193e-03 4.52408546e-03 4.74031011e-03 4.94582303e-03 5.13889088e-03 5.31793934e-03 5.48157838e-03 5.62862253e-03 5.75810551e-03 5.86928916e-03 5.96166629e-03 6.03495771e-03 6.08910352e-03 6.12424921e-03 6.14072705e-03 6.13903372e-03 6.11980492e-03 6.08378803e-03 6.03181404e-03 5.96476984e-03 5.88357199e-03 5.78914311e-03 5.68239199e-03 5.56419794e-03 5.43540026e-03 5.29679297e-03 5.14912476e-03 4.99310401e-03 4.82940807e-03 4.65869598e-03 4.48162353e-03 4.29885930e-03 4.11110031e-03 3.91908596e-03 3.72360911e-03 3.52552305e-03 3.32574383e-03 3.12524740e-03 2.92506150e-03 2.72625260e-03 2.52990859e-03 2.33711794e-03 2.14894671e-03 1.96641445e-03 1.79047039e-03 1.62197122e-03 1.46166134e-03 1.31015683e-03 1.16793347e-03 1.03531941e-03 9.12492424e-04 7.99481698e-04 6.96173640e-04 6.02321135e-04 5.17555498e-04 4.41400298e-04 3.73286228e-04 3.12566202e-04 2.58529985e-04 2.10417748e-04 1.67432116e-04 1.28748417e-04 9.35230141e-05 6.08997733e-05 3.00148331e-05 0.00000000e+00
 0.00000000e+00 1.47890177e-05 3.01545050e-05 4.66786613e-05 6.49547434e-05 8.55915981e-05 1.09217020e-04 1.36479583e-04 1.68048627e-04 2.04612130e-04 2.46872258e-04 2.95538451e-04 3.51317999e-04 4.14904164e-04 4.86961990e-04 5.68112103e-04 6.58912866e-04 7.59841425e-04 8.71274237e-04 9.93467785e-04 1.12654026e-03 1.27045495e-03 1.42500622e-03 1.58980870e-03 1.76429048e-03 1.94769077e-03 2.13906239e-03 2.33727945e-03 2.54105006e-03 2.74893399e-03 2.95936479e-03 3.17067592e-03 3.38113001e-03 3.58895043e-03 3.79235422e-03 3.98958534e-03 4.17894717e-03 4.35883336e-03 4.52775603e-03 4.68437060e-03 4.82749644e-03 4.95613294e-03 5.06947054e-03 5.16689661e-03 5.24799604e-03 5.31254684e-03 5.36051094e-03 5.39202069e-03 5.40736177e-03 5.40695315e-03 5.39132494e-03 5.36109520e-03 5.31694653e-03 5.25960348e-03 5.18981179e-03 5.10832018e-03 5.01586558e-03 4.91316223e-03 4.80089515e-03 4.67971792e-03 4.55025477e-03 4.41310648e-03 4.26885955e-03 4.11809769e-03 3.96141463e-03 3.79942725e-03 3.63278773e-03 3.46219381e-03 3.28839606e-03 3.11220148e-03 2.93447293e-03 2.75612412e-03 2.57811022e-03 2.40141451e-03 2.22703171e-03 2.05594868e-03 1.88912379e-03 1.72746571e-03 1.57181295e-03 1.42291508e-03 1.28141650e-03 1.14784355e-03 1.02259535e-03 9.05938686e-04 7.98006864e-04 6.98802446e-04 6.08203322e-04 5.25971633e-04 4.51764868e-04 3.85148400e-04 3.25608765e-04 2.72566988e-04 2.25391359e-04 1.83409172e-04 1.45917061e-04 1.12189709e-04 8.14868401e-05 5.30585622e-05 2.61492128e-05 0.00000000e+00
 0.00000000e+00 1.30180984e-05 2.65448610e-05 4.10939734e-05 5.71888054e-05 7.53663644e-05 9.61802014e-05 1.20201957e-04 1.48021266e-04 1.80243777e-04 2.17487113e-04 2.60374642e-04 3.09527032e-04 3.65551631e-04 4.29029826e-04 5.00502633e-04 5.80454882e-04 6.69298448e-04 7.67355095e-04 8.74839552e-04 9.91843510e-04 1.11832124e-03 1.25407756e-03 1.39875877e-03 1.55184716e-03 1.71265956e-03 1.88035032e-03 2.05391869e-03 2.23222085e-03 2.41398615e-03 2.59783735e-03 2.78231413e-03 2.96589934e-03 3.14704702e-03 3.32421146e-03 3.49587621e-03 3.66058224e-03 3.81695429e-03 3.96372471e-03 4.09975399e-03 4.22404744e-03 4.33576773e-03 4.43424285e-03 4.51896950e-03 4.58961202e-03 4.64599695e-03 4.68810365e-03 4.71605161e-03 4.73008478e-03 4.73055386e-03 4.71789727e-03 4.69262158e-03 4.65528225e-03 4.60646556e-03 4.54677235e-03 4.47680437e-03 4.39715371e-03 4.30839569e-03 4.21108531e-03 4.10575744e-03 3.99293017e-03 3.87311132e-03 3.74680703e-03 3.61453197e-03 3.47682018e-03 3.33423551e-03 3.18738092e-03 3.03690568e-03 2.88350965e-03 2.72794441e-03 2.57101051e-03 2.41355111e-03 2.25644203e-03 2.10057852e-03 1.94685964e-03 1.79617067e-03 1.64936473e-03 1.50724442e-03 1.37054426e-03 1.23991504e-03 1.11591055e-03 9.98977335e-04 8.89447801e-04 7.87536836e-04 6.93341872e-04 6.06846160e-04 5.27924867e-04 4.56353492e-04 3.91818012e-04 3.33926131e-04 2.82219028e-04 2.36183023e-04 1.95260660e-04 1.58860805e-04 1.26367456e-04 9.71471021e-05 7.05545586e-05 4.59373495e-05 2.26387876e-05 0.00000000e+00
 0.00000000e+00 1.13925059e-05 2.32311233e-05 3.59663339e-05 5.00570428e-05 6.59740019e-05 8.42023055e-05 1.05242682e-04 1.29611331e-04 1.57838098e-04 1.90462825e-04 2.28029779e-04 2.71080122e-04 3.20142481e-04 3.75721750e-04 4.38286361e-04 5.08254344e-04 5.85978599e-04 6.71731868e-04 7.65691984e-04 8.67927989e-04 9.78387768e-04 1.09688780e-03 1.22310564e-03 1.35657557e-03 1.49668791e-03 1.64269219e-03 1.79370434e-03 1.94871785e-03 2.10661863e-03 2.26620331e-03 2.42620037e-03 2.58529341e-03 2.74214595e-03 2.89542680e-03 3.04383523e-03 3.18612521e-03 3.32112770e-03 3.44777063e-03 3.56509567e-03 3.67227155e-03 3.76860358e-03 3.85353908e-03 3.92666890e-03 3.98772500e-03 4.03657449e-03 4.07321035e-03 4.09773959e-03 4.11036916e-03 4.11139049e-03 4.10116320e-03 4.08009883e-03 4.04864522e-03 4.00727214e-03 3.95645899e-03 3.89668475e-03 3.82842081e-03 3.75212672e-03 3.66824905e-03 3.57722303e-03 3.47947696e-03 3.37543860e-03 3.26554323e-03 3.15024254e-03 3.03001355e-03 2.90536693e-03 2.77685380e-03 2.64507050e-03 2.51066074e-03 2.37431466e-03 2.23676488e-03 2.09877926e-03 1.96115082e-03 1.82468521e-03 1.69018616e-03 1.55843979e-03 1.43019841e-03 1.30616469e-03 1.18697681e-03 1.07319550e-03 9.65293198e-04 8.63646111e-04 7.68529070e-04 6.80113505e-04 5.98468318e-04 5.23563464e-04 4.55275859e-04 3.93397168e-04 3.37642961e-04 2.87662706e-04 2.43050069e-04 2.03353046e-04 1.68083512e-04 1.36725844e-04 1.08744394e-04 8.35896608e-05 6.07031380e-05 3.95208836e-05 1.94759666e-05 0.00000000e+00
 0.00000000e+00 9.91116519e-06 2.02111844e-05 3.12926894e-05 4.35555881e-05 5.74100078e-05 7.32784226e-05 9.15967197e-05 1.12813988e-04 1.37390845e-04 1.65796166e-04 1.98502123e-04 2.35977521e-04 2.78679476e-04 3.27043553e-04 3.81472596e-04 4.42324520e-04 5.09899453e-04 5.84426667e-04 6.66051794e-04 7.54824881e-04 8.50689815e-04 9.53475691e-04 1.06289061e-03 1.17851833e-03 1.29981815e-03 1.42612824e-03 1.55667243e-03 1.69057052e-03 1.82685179e-03 1.96447141e-03 2.10232924e-03 2.23929040e-03 2.37420696e-03 2.50594004e-03 2.63338146e-03 2.75547438e-03 2.87123209e-03 2.97975454e-03 3.08024194e-03 3.17200516e-03 3.25447281e-03 3.32719463e-03 3.38984157e-03 3.44220246e-03 3.48417780e-03 3.51577085e-03 3.53707675e-03 3.54826998e-03 3.54959098e-03 3.54133240e-03 3.52382571e-03 3.49742861e-03 3.46251393e-03 3.41946041e-03 3.36864564e-03 3.31044148e-03 3.24521209e-03 3.17331432e-03 3.09510055e-03 3.01092343e-03 2.92114212e-03 2.82612960e-03 2.72628025e-03 2.62201717e-03 2.51379859e-03 2.40212278e-03 2.28753084e-03 2.17060723e-03 2.05197757e-03 1.93230376e-03 1.81227652e-03 1.69260556e-03 1.57400783e-03 1.45719442e-03 1.34285657e-03 1.23165161e-03 1.12418944e-03 1.02102007e-03 9.22622911e-04 8.29398122e-04 7.41660389e-04 6.59635274e-04 5.83458151e-04 5.13175627e-04 4.48749208e-04 3.90060876e-04 3.36920181e-04 2.89072411e-04 2.46207369e-04 2.07968333e-04 1.73960788e-04 1.43760591e-04 1.16921292e-04 9.29804254e-05 7.14646631e-05 5.18938117e-05 3.37837077e-05 1.66481416e-05 0.00000000e+00
 0.00000000e+00 8.57057095e-06 1.74779717e-05 2.70622752e-05 3.76697958e-05 4.96556023e-05 6.33853163e-05 7.92359835e-05 9.75958284e-05 1.18862733e-04 1.43441323e-04 1.71738583e-04 2.04157993e-04 2.41092232e-04 2.82914551e-04 3.29969032e-04 3.82559968e-04 4.40940709e-04 5.05302370e-04 5.75762835e-04 6.52356532e-04 7.35025475e-04 8.23612040e-04 9.17853904e-04 1.01738154e-03 1.12171854e-03 1.23028495e-03 1.34240367e-03 1.45730983e-03 1.57416300e-03 1.69206178e-03 1.81006040e-03 1.92718679e-03 2.04246141e-03 2.15491632e-03 2.26361375e-03 2.36766347e-03 2.46623855e-03 2.55858887e-03 2.64405203e-03 2.72206137e-03 2.79215096e-03 2.85395751e-03 2.90721933e-03 2.95177249e-03 2.98754452e-03 3.01454615e-03 3.03286135e-03 3.04263637e-03 3.04406825e-03 3.03739331e-03 3.02287626e-03 3.00080019e-03 2.97145816e-03 2.93514643e-03 2.89215979e-03 2.84278897e-03 2.78732021e-03 2.72603689e-03 2.65922290e-03 2.58716753e-03 2.51017136e-03 2.42855270e-03 2.34265400e-03 2.25284780e-03 2.15954153e-03 2.06318085e-03 1.96425109e-03 1.86327653e-03 1.76081737e-03 1.65746448e-03 1.55383199e-03 1.45054796e-03 1.34824369e-03 1.24754195e-03 1.14904478e-03 1.05332136e-03 9.60896562e-04 8.72240600e-04 7.87760236e-04 7.07791917e-04 6.32597003e-04 5.62359225e-04 4.97184340e-04 4.37101868e-04 3.82068690e-04 3.31974195e-04 2.86646654e-04 2.45860414e-04 2.09343543e-04 1.76785555e-04 1.47844877e-04 1.22155782e-04 9.93345616e-05 7.89847911e-05 6.07016061e-05 4.40749776e-05 2.86920442e-05 1.41386142e-05 0.00000000e+00
 0.00000000e+00 7.36516647e-06 1.50202192e-05 2.32578091e-05 3.23759033e-05 4.26799148e-05 5.44842116e-05 6.81128197e-05 8.38991579e-05 1.02184666e-04 1.23316224e-04 1.47642311e-04 1.75507871e-04 2.07247964e-04 2.43180269e-04 2.83596645e-04 3.28753951e-04 3.78864445e-04 4.34086082e-04 4.94513126e-04 5.60167462e-04 6.30991056e-04 7.06839959e-04 7.87480239e-04 8.72586140e-04 9.61740738e-04 1.05443921e-03 1.15009476e-03 1.24804711e-03 1.34757337e-03 1.44790096e-03 1.54822216e-03 1.64770980e-03 1.74553359e-03 1.84087640e-03 1.93295003e-03 2.02100979e-03 2.10436759e-03 2.18240285e-03 2.25457117e-03 2.32041037e-03 2.37954387e-03 2.43168143e-03 2.47661736e-03 2.51422642e-03 2.54445772e-03 2.56732705e-03 2.58290804e-03 2.59132259e-03 2.59273113e-03 2.58732310e-03 2.57530811e-03 2.55690820e-03 2.53235149e-03 2.50186747e-03 2.46568405e-03 2.42402648e-03 2.37711806e-03 2.32518243e-03 2.26844725e-03 2.20714902e-03 2.14153838e-03 2.07188580e-03 1.99848691e-03 1.92166718e-03 1.84178554e-03 1.75923644e-03 1.67445030e-03 1.58789194e-03 1.50005717e-03 1.41146740e-03 1.32266253e-03 1.23419242e-03 1.14660718e-03 1.06044688e-03 9.76230935e-04 8.94447816e-04 8.15545386e-04 7.39922369e-04 6.67921237e-04 5.99822769e-04 5.35842462e-04 4.76128823e-04 4.20763529e-04 3.69763310e-04 3.23083362e-04 2.80622021e-04 2.42226398e-04 2.07698660e-04 1.76802620e-04 1.49270341e-04 1.24808472e-04 1.03104091e-04 8.38298791e-05 6.66484927e-05 5.12160925e-05 3.71850116e-05 2.42056220e-05 1.19274952e-05 0.00000000e+00
 0.00000000e+00 6.28771456e-06 1.28232240e-05 1.98566629e-05 2.76426609e-05 3.64421346e-05 4.65235428e-05 5.81634480e-05 7.16462418e-05 8.72629188e-05 1.05308813e-04 1.26080243e-04 1.49870069e-04 1.76962189e-04 2.07625082e-04 2.42104539e-04 2.80615797e-04 3.23335313e-04 3.70392508e-04 4.21861789e-04 4.77755238e-04 5.38016302e-04 6.02514865e-04 6.71044004e-04 7.43318704e-04 8.18976723e-04 8.97581731e-04 9.78628725e-04 1.06155164e-03 1.14573295e-03 1.23051500e-03 1.31521267e-03 1.39912692e-03 1.48155878e-03 1.56182318e-03 1.63926225e-03 1.71325748e-03 1.78324043e-03 1.84870154e-03 1.90919687e-03 1.96435256e-03 2.01386700e-03 2.05751065e-03 2.09512386e-03 2.12661263e-03 2.15194293e-03 2.17113370e-03 2.18424906e-03 2.19139007e-03 2.19268655e-03 2.18828925e-03 2.17836283e-03 2.16307987e-03 2.14261626e-03 2.11714797e-03 2.08684953e-03 2.05189393e-03 2.01245402e-03 1.96870529e-03 1.92082952e-03 1.86901932e-03 1.81348292e-03 1.75444899e-03 1.69217108e-03 1.62693128e-03 1.55904277e-03 1.48885104e-03 1.41673356e-03 1.34309777e-03 1.26837750e-03 1.19302766e-03 1.11751773e-03 1.04232396e-03 9.67920841e-04 8.94772110e-04 8.23321703e-04 7.53985031e-04 6.87140966e-04 6.23124833e-04 5.62222693e-04 5.04667092e-04 4.50634380e-04 4.00243648e-04 3.53557203e-04 3.10582476e-04 2.71275180e-04 2.35543478e-04 2.03252908e-04 1.74231804e-04 1.48276923e-04 1.25159045e-04 1.04628303e-04 8.64190800e-05 7.02543014e-05 5.58490541e-05 4.29134738e-05 3.11549061e-05 2.02793901e-05 9.99254769e-06 0.00000000e+00
 0.00000000e+00 5.32964830e-06 1.08695621e-05 1.68319715e-05 2.34328787e-05 3.08935527e-05 3.94415657e-05 4.93112351e-05 6.07433506e-05 7.39840887e-05 8.92830406e-05 1.06890314e-04 1.27052705e-04 1.50008976e-04 1.75984328e-04 2.05184198e-04 2.37787552e-04 2.73939913e-04 3.13746367e-04 3.57264853e-04 4.04500041e-04 4.55398105e-04 5.09842703e-04 5.67652423e-04 6.28579930e-04 6.92312963e-04 7.58477277e-04 8.26641534e-04 8.96324042e-04 9.67001177e-04 1.03811722e-03 1.10909526e-03 1.17934884e-03 1.24829380e-03 1.31535998e-03 1.38000232e-03 1.44171089e-03 1.50001964e-03 1.55451339e-03 1.60483304e-03 1.65067876e-03 1.69181121e-03 1.72805079e-03 1.75927519e-03 1.78541532e-03 1.80645002e-03 1.82239981e-03 1.83332014e-03 1.83929433e-03 1.84042681e-03 1.83683669e-03 1.82865229e-03 1.81600657e-03 1.79903381e-03 1.77786765e-03 1.75264042e-03 1.72348379e-03 1.69053062e-03 1.65391780e-03 1.61378987e-03 1.57030307e-03 1.52362962e-03 1.47396178e-03 1.42151544e-03 1.36653296e-03 1.30928490e-03 1.25007064e-03 1.18921749e-03 1.12707854e-03 1.06402901e-03 1.00046137e-03 9.36779313e-04 8.73390942e-04 8.10701272e-04 7.49104524e-04 6.88976461e-04 6.30667097e-04 5.74494083e-04 5.20737014e-04 4.69632871e-04 4.21372718e-04 3.76099750e-04 3.33908680e-04 2.94846410e-04 2.58913872e-04 2.26068884e-04 1.96229804e-04 1.69279796e-04 1.45071440e-04 1.23431509e-04 1.04165658e-04 8.70628904e-05 7.18996089e-05 5.84431679e-05 4.64548380e-05 3.56921555e-05 2.59106613e-05 1.68650714e-05 8.30995198e-06 0.00000000e+00
 0.00000000e+00 4.48139169e-06 9.13974272e-06 1.41536485e-05 1.97048427e-05 2.59794344e-05 3.31687558e-05 4.14697052e-05 5.10844847e-05 6.22196488e-05 7.50844029e-05 8.98881207e-05 1.06837076e-04 1.26130426e-04 1.47955522e-04 1.72482652e-04 1.99859387e-04 2.30204704e-04 2.63603122e-04 3.00099103e-04 3.39691964e-04 3.82331588e-04 4.27915176e-04 4.76285258e-04 5.27229171e-04 5.80480114e-04 6.35719858e-04 6.92583093e-04 7.50663338e-04 8.09520237e-04 8.68688022e-04 9.27684842e-04 9.86022614e-04 1.04321703e-03 1.09879733e-03 1.15231550e-03 1.20335452e-03 1.25153534e-03 1.29652249e-03 1.33802795e-03 1.37581341e-03 1.40969079e-03 1.43952115e-03 1.46521210e-03 1.48671406e-03 1.50401541e-03 1.51713703e-03 1.52612648e-03 1.53105208e-03 1.53199728e-03 1.52905557e-03 1.52232613e-03 1.51191047e-03 1.49791015e-03 1.48042561e-03 1.45955620e-03 1.43540128e-03 1.40806219e-03 1.37764514e-03 1.34426450e-03 1.30804645e-03 1.26913267e-03 1.22768371e-03 1.18388188e-03 1.13793341e-03 1.09006957e-03 1.04054683e-03 9.89645708e-04 9.37668551e-04 8.84936059e-04 8.31782848e-04 7.78552110e-04 7.25589625e-04 6.73237359e-04 6.21826916e-04 5.71673124e-04 5.23067998e-04 4.76275336e-04 4.31526137e-04 3.89014987e-04 3.48897536e-04 3.11289085e-04 2.76264304e-04 2.43857990e-04 2.14066784e-04 1.86851698e-04 1.62141282e-04 1.39835249e-04 1.19808384e-04 1.01914527e-04 8.59904897e-05 7.18597398e-05 5.93357450e-05 4.82248762e-05 3.83288223e-05 2.94464868e-05 2.13753770e-05 1.39125207e-05 6.85497363e-06 0.00000000e+00
 0.00000000e+00 3.73264299e-06 7.61278731e-06 1.17892836e-05 1.64135685e-05 2.16406784e-05 2.76299362e-05 3.45452139e-05 4.25546868e-05 5.18300098e-05 6.25448667e-05 7.48728642e-05 8.89847719e-05 1.05045140e-04 1.23208359e-04 1.43614253e-04 1.66383353e-04 1.91612000e-04 2.19367471e-04 2.49683347e-04 2.82555338e-04 3.17937787e-04 3.55741068e-04 3.95830074e-04 4.38023923e-04 4.82097022e-04 5.27781503e-04 5.74771040e-04 6.22725956e-04 6.71279479e-04 7.20044932e-04 7.68623621e-04 8.16613105e-04 8.63615544e-04 9.09245794e-04 9.53138946e-04 9.94957012e-04 1.03439453e-03 1.07118288e-03 1.10509324e-03 1.13593803e-03 1.16357100e-03 1.18788593e-03 1.20881413e-03 1.22632100e-03 1.24040171e-03 1.25107657e-03 1.25838597e-03 1.26238554e-03 1.26314154e-03 1.26072677e-03 1.25521727e-03 1.24668984e-03 1.23522050e-03 1.22088397e-03 1.20375410e-03 1.18390517e-03 1.16141392e-03 1.13636223e-03 1.10884011e-03 1.07894889e-03 1.04680433e-03 1.01253937e-03 9.76306479e-04 9.38279199e-04 8.98652889e-04 8.57644515e-04 8.15491437e-04 7.72449208e-04 7.28788432e-04 6.84790796e-04 6.40744424e-04 5.96938742e-04 5.53659062e-04 5.11181104e-04 4.69765687e-04 4.29653794e-04 3.91062197e-04 3.54179798e-04 3.19164803e-04 2.86142802e-04 2.55205781e-04 2.26412045e-04 1.99787004e-04 1.75324721e-04 1.52990106e-04 1.32721613e-04 1.14434298e-04 9.80230657e-05 8.33659789e-05 7.03274794e-05 5.87614087e-05 4.85137319e-05 3.94248955e-05 3.13317736e-05 2.40691882e-05 1.74710089e-05 1.13708655e-05 5.60252474e-06 0.00000000e+00
 0.00000000e+00 3.07261584e-06 6.26672195e-06 9.70490846e-06 1.35118715e-05 1.78152347e-05 2.27460986e-05 2.84392385e-05 3.50328811e-05 4.26680022e-05 5.14871050e-05 6.16324583e-05 7.32437948e-05 8.64554983e-05 1.01393333e-04 1.18170799e-04 1.36885223e-04 1.57613731e-04 1.80409242e-04 2.05296686e-04 2.32269610e-04 2.61287367e-04 2.92273056e-04 3.25112381e-04 3.59653537e-04 3.95708211e-04 4.33053739e-04 4.71436396e-04 5.10575742e-04 5.50169906e-04 5.89901622e-04 6.29444796e-04 6.68471374e-04 7.06658209e-04 7.43693691e-04 7.79283858e-04 8.13157759e-04 8.45071874e-04 8.74813448e-04 9.02202642e-04 9.27093463e-04 9.49373522e-04 9.68962680e-04 9.85810735e-04 9.99894324e-04 1.01121325e-03 1.01978643e-03 1.02564781e-03 1.02884226e-03 1.02942196e-03 1.02744312e-03 1.02296350e-03 1.01604062e-03 1.00673078e-03 9.95088956e-04 9.81169448e-04 9.65027242e-04 9.46719974e-04 9.26310310e-04 9.03868592e-04 8.79475551e-04 8.53224881e-04 8.25225512e-04 7.95603390e-04 7.64502630e-04 7.32085938e-04 6.98534220e-04 6.64045362e-04 6.28832195e-04 5.93119704e-04 5.57141588e-04 5.21136293e-04 4.85342690e-04 4.49995566e-04 4.15321113e-04 3.81532590e-04 3.48826341e-04 3.17378292e-04 2.87341066e-04 2.58841797e-04 2.31980681e-04 2.06830303e-04 1.83435696e-04 1.61815092e-04 1.41961280e-04 1.23843476e-04 1.07409583e-04 9.25887234e-05 7.92939102e-05 6.74247529e-05 5.68700767e-05 4.75103681e-05 3.92199710e-05 3.18689777e-05 2.53247834e-05 1.94532902e-05 1.41197706e-05 9.18941565e-06 4.52761161e-06 0.00000000e+00
 0.00000000e+00 2.49023614e-06 5.07897996e-06 7.86562206e-06 1.09512424e-05 1.44392656e-05 1.84358947e-05 2.30502574e-05 2.83942085e-05 3.45817431e-05 4.17279857e-05 4.99477410e-05 5.93536064e-05 7.00536709e-05 8.21488455e-05 9.57298938e-05 1.10874257e-04 1.27642783e-04 1.46076496e-04 1.66193549e-04 1.87986506e-04 2.11420112e-04 2.36429696e-04 2.62920316e-04 2.90766759e-04 3.19814459e-04 3.49881349e-04 3.80760640e-04 4.12224452e-04 4.44028190e-04 4.75915524e-04 5.07623773e-04 5.38889497e-04 5.69454076e-04 5.99069040e-04 6.27500955e-04 6.54535663e-04 6.79981719e-04 7.03672924e-04 7.25469868e-04 7.45260477e-04 7.62959599e-04 7.78507692e-04 7.91868763e-04 8.03027679e-04 8.11987063e-04 8.18763933e-04 8.23386316e-04 8.25889989e-04 8.26315550e-04 8.24705935e-04 8.21104524e-04 8.15553885e-04 8.08095209e-04 7.98768431e-04 7.87612984e-04 7.74669115e-04 7.59979656e-04 7.43592101e-04 7.25560863e-04 7.05949525e-04 6.84832945e-04 6.62299061e-04 6.38450260e-04 6.13404198e-04 5.87294010e-04 5.60267835e-04 5.32487670e-04 5.04127563e-04 4.75371216e-04 4.46409067e-04 4.17434993e-04 3.88642742e-04 3.60222249e-04 3.32355990e-04 3.05215498e-04 2.78958197e-04 2.53724640e-04 2.29636268e-04 2.06793734e-04 1.85275837e-04 1.65139065e-04 1.46417733e-04 1.29124665e-04 1.13252355e-04 9.87745196e-05 8.56479551e-05 7.38145990e-05 6.32036917e-05 5.37339501e-05 4.53156658e-05 3.78526551e-05 3.12440030e-05 2.53855593e-05 2.01711619e-05 1.54935791e-05 1.12451780e-05 7.31834141e-06 3.60566799e-06 0.00000000e+00
 0.00000000e+00 1.97429430e-06 4.02671331e-06 6.23607550e-06 8.68252586e-06 1.14480480e-05 1.46167993e-05 1.82752168e-05 2.25118493e-05 2.74168784e-05 3.30813033e-05 3.95957759e-05 4.70490892e-05 5.55263377e-05 6.51067873e-05 7.58615115e-05 8.78508666e-05 1.01121900e-04 1.15705794e-04 1.31615467e-04 1.48843442e-04 1.67360117e-04 1.87112542e-04 2.08023797e-04 2.29993064e-04 2.52896416e-04 2.76588374e-04 3.00904182e-04 3.25662762e-04 3.50670256e-04 3.75724028e-04 4.00616978e-04 4.25141997e-04 4.49096389e-04 4.72286073e-04 4.94529404e-04 5.15660456e-04 5.35531650e-04 5.54015632e-04 5.71006363e-04 5.86419402e-04 6.00191427e-04 6.12279048e-04 6.22657036e-04 6.31316075e-04 6.38260215e-04 6.43504144e-04 6.47070481e-04 6.48987208e-04 6.49285387e-04 6.47997281e-04 6.45154959e-04 6.40789431e-04 6.34930350e-04 6.27606262e-04 6.18845351e-04 6.08676632e-04 5.97131469e-04 5.84245324e-04 5.70059617e-04 5.54623542e-04 5.37995744e-04 5.20245721e-04 5.01454853e-04 4.81716976e-04 4.61138448e-04 4.39837673e-04 4.17944078e-04 3.95596584e-04 3.72941604e-04 3.50130658e-04 3.27317699e-04 3.04656247e-04 2.82296459e-04 2.60382240e-04 2.39048519e-04 2.18418773e-04 1.98602906e-04 1.79695529e-04 1.61774710e-04 1.44901192e-04 1.29118100e-04 1.14451111e-04 1.00909039e-04 8.84847930e-05 7.71566397e-05 6.68896860e-05 5.76375174e-05 4.93439068e-05 4.19445241e-05 3.53685797e-05 2.95403475e-05 2.43805215e-05 1.98073756e-05 1.57377082e-05 1.20875649e-05 8.77274758e-06 5.70912536e-06 2.81277728e-06 0.00000000e+00
 0.00000000e+00 1.51355477e-06 3.08701693e-06 4.78082150e-06 6.65641180e-06 8.77662697e-06 1.12059531e-05 1.40105977e-05 1.72583533e-05 2.10182216e-05 2.53597786e-05 3.03522719e-05 3.60634514e-05 4.25581487e-05 4.98966363e-05 5.81328075e-05 6.73122377e-05 7.74701974e-05 8.86296974e-05 1.00799659e-04 1.13973299e-04 1.28126827e-04 1.43218536e-04 1.59188368e-04 1.75958006e-04 1.93431533e-04 2.11496674e-04 2.30026591e-04 2.48882200e-04 2.67914930e-04 2.86969832e-04 3.05888909e-04 3.24514548e-04 3.42692912e-04 3.60277138e-04 3.77130235e-04 3.93127549e-04 4.08158709e-04 4.22128986e-04 4.34960038e-04 4.46590030e-04 4.56973166e-04 4.66078684e-04 4.73889411e-04 4.80399969e-04 4.85614755e-04 4.89545826e-04 4.92210799e-04 4.93630898e-04 4.93829235e-04 4.92829422e-04 4.90654573e-04 4.87326732e-04 4.82866735e-04 4.77294501e-04 4.70629704e-04 4.62892769e-04 4.54106120e-04 4.44295580e-04 4.33491833e-04 4.21731846e-04 4.09060147e-04 3.95529880e-04 3.81203563e-04 3.66153466e-04 3.50461611e-04 3.34219328e-04 3.17526414e-04 3.00489884e-04 2.83222388e-04 2.65840330e-04 2.48461787e-04 2.31204288e-04 2.14182567e-04 1.97506354e-04 1.81278306e-04 1.65592144e-04 1.50531062e-04 1.36166457e-04 1.22557011e-04 1.09748140e-04 9.77718133e-05 8.66467134e-05 7.63787230e-05 6.69616798e-05 5.83783577e-05 5.06016145e-05 4.35956472e-05 3.73172976e-05 3.17173529e-05 2.67417922e-05 2.23329379e-05 1.84304786e-05 1.49723409e-05 1.18953965e-05 9.13600084e-06 6.63036929e-06 4.31480365e-06 2.12579086e-06 0.00000000e+00
 0.00000000e+00 1.09682611e-06 2.23707246e-06 3.46453917e-06 4.82375177e-06 6.36023911e-06 8.12071185e-06 1.01531125e-05 1.25065118e-05 1.52308315e-05 1.83763785e-05 2.19931844e-05 2.61301525e-05 3.08340229e-05 3.61481771e-05 4.21113164e-05 4.87560543e-05 5.61074761e-05 6.41817263e-05 7.29846879e-05 8.25108233e-05 9.27422430e-05 1.03648066e-04 1.15184127e-04 1.27293066e-04 1.39904842e-04 1.52937653e-04 1.66299272e-04 1.79888758e-04 1.93598478e-04 2.07316383e-04 2.20928436e-04 2.34321110e-04 2.47383841e-04 2.60011339e-04 2.72105665e-04 2.83577986e-04 2.94349945e-04 3.04354603e-04 3.13536918e-04 3.21853781e-04 3.29273614e-04 3.35775593e-04 3.41348541e-04 3.45989592e-04 3.49702696e-04 3.52497059e-04 3.54385619e-04 3.55383634e-04 3.55507458e-04 3.54773568e-04 3.53197881e-04 3.50795388e-04 3.47580114e-04 3.43565382e-04 3.38764355e-04 3.33190811e-04 3.26860089e-04 3.19790138e-04 3.12002596e-04 3.03523837e-04 2.94385890e-04 2.84627195e-04 2.74293124e-04 2.63436235e-04 2.52116222e-04 2.40399567e-04 2.28358884e-04 2.16071982e-04 2.03620682e-04 1.91089430e-04 1.78563771e-04 1.66128728e-04 1.53867173e-04 1.41858234e-04 1.30175804e-04 1.18887218e-04 1.08052115e-04 9.77215485e-05 8.79373464e-05 7.87317386e-05 7.01272478e-05 6.21368301e-05 5.47642416e-05 4.80046002e-05 4.18451039e-05 3.62658671e-05 3.12408297e-05 2.67387002e-05 2.27238917e-05 1.91574169e-05 1.59977127e-05 1.32013718e-05 1.07237633e-05 8.51953588e-06 6.54299893e-06 4.74838685e-06 3.09001646e-06 1.52235243e-06 0.00000000e+00
 0.00000000e+00 7.12996393e-07 1.45422128e-06 2.25214887e-06 3.13572239e-06 4.13453327e-06 5.27893551e-06 6.60007626e-06 8.12982633e-06 9.90059728e-06 1.19450361e-05 1.42955930e-05 1.69839638e-05 2.00404145e-05 2.34930021e-05 2.73667130e-05 3.16825473e-05 3.64565828e-05 4.16990576e-05 4.74135151e-05 5.35960552e-05 6.02347357e-05 6.73091658e-05 7.47903254e-05 8.26406383e-05 9.08143149e-05 9.92579696e-05 1.07911503e-04 1.16709224e-04 1.25581183e-04 1.34454657e-04 1.43255739e-04 1.51910962e-04 1.60348895e-04 1.68501642e-04 1.76306178e-04 1.83705476e-04 1.90649383e-04 1.97095200e-04 2.03007979e-04 2.08360510e-04 2.13133037e-04 2.17312723e-04 2.20892912e-04 2.23872236e-04 2.26253625e-04 2.28043293e-04 2.29249733e-04 2.29882811e-04 2.29952976e-04 2.29470643e-04 2.28445770e-04 2.26887644e-04 2.24804880e-04 2.22205620e-04 2.19097913e-04 2.15490239e-04 2.11392148e-04 2.06814954e-04 2.01772449e-04 1.96281585e-04 1.90363073e-04 1.84041870e-04 1.77347501e-04 1.70314212e-04 1.62980924e-04 1.55390984e-04 1.47591722e-04 1.39633825e-04 1.31570552e-04 1.23456823e-04 1.15348218e-04 1.07299917e-04 9.93656445e-05 9.15966343e-05 8.40406701e-05 7.67412302e-05 6.97367641e-05 6.30601238e-05 5.67381609e-05 5.07914970e-05 4.52344643e-05 4.00752064e-05 3.53159247e-05 3.09532494e-05 2.69787103e-05 2.33792816e-05 2.01379734e-05 1.72344419e-05 1.46455955e-05 1.23461722e-05 1.03092707e-05 8.50682145e-06 6.90998480e-06 5.48947346e-06 4.21579585e-06 3.05942421e-06 1.99089349e-06 9.80841139e-07 0.00000000e+00
 0.00000000e+00 3.51039666e-07 7.15978276e-07 1.10883537e-06 1.54386063e-06 2.03562166e-06 2.59905979e-06 3.24950452e-06 4.00263866e-06 4.87440750e-06 5.88086768e-06 7.03797354e-06 8.36130169e-06 9.86571758e-06 1.15649912e-05 1.34713723e-05 1.55951393e-05 1.79441384e-05 2.05233322e-05 2.33343802e-05 2.63752711e-05 2.96400302e-05 3.31185225e-05 3.67963661e-05 4.06549727e-05 4.46717203e-05 4.88202612e-05 5.30709611e-05 5.73914562e-05 6.17473119e-05 6.61027589e-05 7.04214768e-05 7.46673958e-05 7.88054814e-05 8.28024702e-05 8.66275263e-05 9.02527913e-05 9.36538077e-05 9.68098009e-05 9.97038142e-05 1.02322697e-04 1.04656955e-04 1.06700480e-04 1.08450178e-04 1.09905525e-04 1.11068074e-04 1.11940952e-04 1.12528368e-04 1.12835163e-04 1.12866430e-04 1.12627207e-04 1.12122283e-04 1.11356094e-04 1.10332732e-04 1.09056054e-04 1.07529871e-04 1.05758219e-04 1.03745674e-04 1.01497702e-04 9.90210139e-05 9.63238993e-05 9.34165239e-05 9.03111643e-05 8.70223668e-05 8.35670159e-05 7.99643070e-05 7.62356185e-05 7.24042884e-05 6.84953009e-05 6.45348961e-05 6.05501176e-05 5.65683161e-05 5.26166299e-05 4.87214615e-05 4.49079708e-05 4.11996050e-05 3.76176802e-05 3.41810283e-05 3.09057211e-05 2.78048754e-05 2.48885444e-05 2.21636909e-05 1.96342406e-05 1.73012052e-05 1.51628672e-05 1.32150123e-05 1.14511987e-05 9.86304732e-06 8.44054252e-06 7.17232888e-06 6.04599451e-06 5.04833117e-06 4.16556431e-06 3.38354799e-06 2.68792196e-06 2.06423030e-06 1.49800296e-06 9.74803507e-07 4.80247835e-07 0.00000000e+00
 0.00000000e+00 0.00000000e+00 0.00000000e+00 0.00000000e+00 0.00000000e+00 0.00000000e+00 0.00000000e+00 0.00000000e+00 0.00000000e+00 0.00000000e+00 0.00000000e+00 0.00000000e+00 0.00000000e+00 0.00000000e+00 0.00000000e+00 0.00000000e+00 0.00000000e+00 0.00000000e+00 0.00000000e+00 0.00000000e+00 0.00000000e+00 0.00000000e+00 0.00000000e+00 0.00000000e+00 0.00000000e+00 0.00000000e+00 0.00000000e+00 0.00000000e+00 0.00000000e+00 0.00000000e+00 0.00000000e+00 0.00000000e+00 0.00000000e+00 0.00000000e+00 0.00000000e+00 0.00000000e+00 0.00000000e+00 0.00000000e+00 0.00000000e+00 0.00000000e+00 0.00000000e+00 0.00000000e+00 0.00000000e+00 0.00000000e+00 0.00000000e+00 0.00000000e+00 0.00000000e+00 0.00000000e+00 0.00000000e+00 0.00000000e+00 0.00000000e+00 0.00000000e+00 0.00000000e+00 0.00000000e+00 0.00000000e+00 0.00000000e+00 0.00000000e+00 0.00000000e+00 0.00000000e+00 0.00000000e+00 0.00000000e+00 0.00000000e+00 0.00000000e+00 0.00000000e+00 0.00000000e+00 0.00000000e+00 0.00000000e+00 0.00000000e+00 0.00000000e+00 0.00000000e+00 0.00000000e+00 0.00000000e+00 0.00000000e+00 0.00000000e+00 0.00000000e+00 0.00000000e+00 0.00000000e+00 0.00000000e+00 0.00000000e+00 0.00000000e+00 0.00000000e+00 0.00000000e+00 0.00000000e+00 0.00000000e+00 0.00000000e+00 0.00000000e+00 0.00000000e+00 0.00000000e+00 0.00000000e+00 0.00000000e+00 0.00000000e+00 0.00000000e+00 0.00000000e+00 0.00000000e+00 0.00000000e+00 0.00000000e+00 0.00000000e+00 0.00000000e+00 0.00000000e+00 0.00000000e+00
